#z=0.65
#nu (Ryd)        Jnu (10^-21 erg s^-1 cm^-2 Hz^-1 sr^-1)
0.5   2.22286327954
0.517632461921   2.10324724555
0.535886731268   1.99759127885
0.554784736034   1.89144054916
0.574349177499   1.78491693778
0.594603557501   1.67813815696
0.615572206672   1.57013680793
0.63728031366   1.46285870669
0.659753955386   1.35599826276
0.683020128377   1.24878319185
0.707106781187   1.14210552255
0.732042847973   1.02015708074
0.757858283255   0.894162128349
0.784584097897   0.789065019162
0.812252396356   0.684291395441
0.840896415254   0.579071114115
0.870550563296   0.474738270151
0.901250462611   0.37116654354
0.933032991537   0.268048318468
0.965936328925   0.165368939213
1.0   0.0557314597117
1.03526492384   0.052383045713
1.07177346254   0.0500356207352
1.10956947207   0.0480570302628
1.148698355   0.0463612156164
1.189207115   0.0448814456575
1.23114441334   0.0435625589406
1.27456062732   0.0423700803711
1.31950791077   0.0412699104283
1.36604025675   0.0402366395428
1.41421356237   0.0392599564858
1.46408569595   0.0382991735724
1.51571656651   0.0373437693821
1.56916819579   0.036388992021
1.62450479271   0.0354172526767
1.68179283051   0.0344197304006
1.74110112659   0.0333548204924
1.80250092522   0.0324030196157
1.86606598307   0.0311219922257
1.93187265785   0.0299286460451
2.0   0.0286930439963
2.07052984768   0.0274924517516
2.14354692507   0.0262329390351
2.21913894414   0.0249286123472
2.29739670999   0.0235861564318
2.37841423001   0.0222095212641
2.46228882669   0.0207596509516
2.54912125464   0.0193319491294
2.63901582155   0.0179219740574
2.73208051351   0.0164762503988
2.82842712475   0.0150782662704
2.92817139189   0.0137067125604
3.03143313302   0.0103681100303
3.13833639159   0.00912272931759
3.24900958542   0.00791274261961
3.36358566101   0.00669000535048
3.48220225318   0.00554040410556
3.60500185044   0.00445795717837
3.73213196615   0.00342034287094
3.8637453157   0.00242797078179
4.0   0.00146514595405
4.14105969537   0.00119528058904
4.28709385015   0.00110132192013
4.43827788827   0.00105824106587
4.59479341999   0.00103096457598
4.75682846001   0.00100847051653
4.92457765338   0.000987466041908
5.09824250928   0.000967042839021
5.27803164309   0.000947001148076
5.46416102702   0.00092734618845
5.65685424949   0.000908142342362
5.85634278378   0.000889471393744
6.06286626604   0.000871419521207
6.27667278317   0.000854071738504
6.49801917085   0.000837508008619
6.72717132203   0.000821799529789
6.96440450637   0.000807004864773
7.21000370089   0.000793165961132
7.46426393229   0.000780304283758
7.7274906314   0.00076841737865
8.0   0.000757476225201
8.28211939073   0.00074742371377
8.57418770029   0.000738174513606
8.87655577654   0.00072961648721
9.18958683998   0.000721613677985
9.51365692002   0.000714010764008
9.84915530676   0.000706638745199
10.1964850186   0.000699321524973
10.5560632862   0.00069188296976
10.928322054   0.000684153988386
11.313708499   0.000675979173022
11.7126855676   0.000667222585505
12.1257325321   0.000657772353155
12.5533455663   0.000647543847753
12.9960383417   0.000636481346551
13.4543426441   0.000624558199928
13.9288090127   0.000611775641599
14.4200074018   0.000598160462795
14.9285278646   0.000583761825003
15.4549812628   0.000568647505663
16.0   0.000552899861668
16.5642387815   0.000536611763507
17.1483754006   0.000519882707164
17.7531115531   0.00050281525919
18.37917368   0.000485511939531
19.02731384   0.000468072600727
19.6983106135   0.000450592323499
20.3929700371   0.000433159818089
21.1121265724   0.000415856297713
21.8566441081   0.000398754774635
22.627416998   0.000381919719745
23.4253711351   0.000365407022405
24.2514650642   0.000349264187754
25.1066911327   0.000333530712633
25.9920766834   0.000318238587624
26.9086852881   0.000303412880463
27.8576180255   0.000289072364169
28.8400148035   0.000275230161062
29.8570557292   0.000261894380882
30.9099625256   0.000249068737227
32.0   0.000236753131446
33.1284775629   0.000224944197053
34.2967508012   0.000213635800711
35.5062231062   0.000202819498089
36.7583473599   0.000192484944564
38.0546276801   0.000182620261908
39.396621227   0.000173212362923
40.7859400742   0.000164247236518
42.2242531447   0.000155710196074
43.7132882161   0.00014758609409
45.2548339959   0.000139859506173
46.8507422703   0.000132514887386
48.5029301283   0.000125536703879
50.2133822654   0.000118909542574
51.9841533668   0.000112618201497
53.8173705762   0.000106647763165
55.715236051   0.000100983653218
57.6800296071   9.56116862943e-05
59.7141114584   9.051810095e-05
61.8199250512   8.5689585205e-05
64.0   8.1113294152e-05
66.2569551258   7.67768608714e-05
68.5935016023   7.26684017487e-05
71.0124462123   6.87765171504e-05
73.5166947198   6.50902882856e-05
76.1092553602   6.1599270967e-05
78.7932424541   5.82934868841e-05
81.5718801484   5.51634129129e-05
84.4485062895   5.21999689065e-05
87.4265764323   4.93945043432e-05
90.5096679919   4.67387841502e-05
93.7014845405   4.42249739662e-05
97.0058602567   4.18456250658e-05
100.426764531   3.95936591266e-05
103.968306734   3.74623529893e-05
107.634741152   3.54453235321e-05
111.430472102   3.35365127576e-05
115.360059214   3.1730173169e-05
119.428222917   3.00208534974e-05
123.639850102   2.84033848247e-05
128.0   2.68728671385e-05
132.513910252   2.54246563414e-05
137.187003205   2.4054351731e-05
142.024892425   2.27577839613e-05
147.03338944   2.15310034862e-05
152.21851072   2.03702694867e-05
157.586484908   1.92720392754e-05
163.143760297   1.82329581709e-05
168.897012579   1.72498498332e-05
174.853152865   1.63197070468e-05
181.019335984   1.5439682939e-05
187.402969081   1.460708262e-05
194.011720513   1.38193552295e-05
200.853529062   1.30740863742e-05
207.936613467   1.23689909418e-05
215.269482305   1.17019062753e-05
222.860944204   1.10707856932e-05
230.720118428   1.04736923391e-05
238.856445833   9.90879334738e-06
247.279700205   9.37435430949e-06
256.0   8.86873402673e-06
265.027820503   8.39037953664e-06
274.374006409   7.937821399e-06
284.049784849   7.5096692291e-06
294.066778879   7.10460746597e-06
304.437021441   6.72139136376e-06
315.172969816   6.35884319511e-06
326.287520594   6.01584865571e-06
337.794025158   5.69135345968e-06
349.706305729   5.38436011611e-06
362.038671968   5.09392487721e-06
374.805938162   4.81915484926e-06
388.023441027   4.55920525792e-06
401.707058123   4.3132768596e-06
415.873226934   4.08061349149e-06
430.53896461   3.86049975271e-06
445.721888408   3.6522588098e-06
461.440236857   3.45525031993e-06
477.712891667   3.26886846554e-06
494.55940041   3.09254009452e-06
512.0   2.92572296033e-06
530.055641007   2.7679040567e-06
548.748012819   2.6185980419e-06
568.099569699   2.47734574772e-06
588.133557758   2.34371276874e-06
608.874042881   2.21728812742e-06
630.345939633   2.09768301119e-06
652.575041187   1.98452957745e-06
675.588050316   1.87747982295e-06
699.412611458   1.77620451406e-06
724.077343935   1.68039217471e-06
749.611876324   1.58974812881e-06
776.046882053   1.50399359434e-06
803.414116246   1.42286482615e-06
831.746453869   1.34611230511e-06
861.07792922   1.27349997084e-06
891.443776815   1.20480449586e-06
922.880473713   1.13981459889e-06
955.425783334   1.07833039513e-06
989.118800819   1.02016278158e-06
1024.0   9.65132855535e-07
1060.11128201   9.13071364419e-07
1097.49602564   8.6381818526e-07
1136.1991394   8.1722183228e-07
1176.26711552   7.73138991012e-07
1217.74808576   7.31434077551e-07
1260.69187927   6.91978821574e-07
1305.15008237   6.54651871851e-07
1351.17610063   6.1933842303e-07
1398.82522292   5.85929862548e-07
1448.15468787   5.54323436597e-07
1499.22375265   5.24421934091e-07
1552.09376411   4.96133387696e-07
1606.82823249   4.69370790972e-07
1663.49290774   4.44051830775e-07
1722.15585844   4.20098634102e-07
1782.88755363   3.97437528577e-07
1845.76094743   3.75998815867e-07
1910.85156667   3.55716557314e-07
1978.23760164   3.36528371133e-07
2048.0   3.18375240546e-07
2120.22256403   3.0120133227e-07
2194.99205127   2.84953824794e-07
2272.39827879   2.69582745914e-07
2352.53423103   2.55040819041e-07
2435.49617153   2.41283317789e-07
2521.38375853   2.28267928416e-07
2610.30016475   2.1595461968e-07
2702.35220126   2.04305519713e-07
2797.65044583   1.93284799545e-07
2896.30937574   1.82858562901e-07
2998.4475053   1.7299474195e-07
3104.18752821   1.63662998673e-07
3213.65646499   1.54834631556e-07
3326.98581548   1.46482487308e-07
3444.31171688   1.38580877352e-07
3565.77510726   1.31105498813e-07
3691.52189485   1.24033359766e-07
3821.70313333   1.17342708529e-07
3956.47520328   1.11012966753e-07
4096.0   1.05024666133e-07
