#z=7.6
#nu (Ryd)        Jnu (10^-21 erg s^-1 cm^-2 Hz^-1 sr^-1)
0.5   25.9823895285
0.517632461921   25.9507086964
0.535886731268   25.9623125434
0.554784736034   25.7734963365
0.574349177499   25.6343211002
0.594603557501   25.447833986
0.615572206672   25.1996961221
0.63728031366   24.8784470065
0.659753955386   24.466855255
0.683020128377   23.9536638238
0.707106781187   23.3003392615
0.732042847973   22.3285570715
0.757858283255   20.4447836104
0.784584097897   19.0930381065
0.812252396356   17.4840709932
0.840896415254   15.5698239039
0.870550563296   13.339392915
0.901250462611   10.7439529731
0.933032991537   7.74596201065
0.965936328925   4.30853846514
1.0   0.0569489986235
1.03526492384   0.0512281344427
1.07177346254   0.0469457693373
1.10956947207   0.043666326841
1.148698355   0.0411894095227
1.189207115   0.0393469391483
1.23114441334   0.037999731913
1.27456062732   0.0370340382377
1.31950791077   0.036358159003
1.36604025675   0.0358992216542
1.41421356237   0.0356001738042
1.46408569595   0.0354170318738
1.51571656651   0.0353164087502
1.56916819579   0.0352733360466
1.62450479271   0.0352693905642
1.68179283051   0.0352911280313
1.74110112659   0.0353288180681
1.80250092522   0.0354941928013
1.86606598307   0.0354260629201
1.93187265785   0.0354770999669
2.0   0.0355261613595
2.07052984768   0.035571677462
2.14354692507   0.0356127127071
2.21913894414   0.0356487838016
2.29739670999   0.0356796899624
2.37841423001   0.0357053566927
2.46228882669   0.035725705702
2.54912125464   0.0357405671404
2.63901582155   0.0357496458067
2.73208051351   0.0357525465088
2.82842712475   0.0357488455908
2.92817139189   0.0357380990553
3.03143313302   0.035716495563
3.13833639159   0.035677618099
3.24900958542   0.0355910056187
3.36358566101   0.0353627518842
3.48220225318   0.034734796322
3.60500185044   0.033083861262
3.73213196615   0.029075582958
3.8637453157   0.0201589194409
4.0   4.11158074017e-35
4.14105969537   1.53707280958e-33
4.28709385015   7.34151133165e-32
4.43827788827   2.95553276924e-30
4.59479341999   9.93708672608e-29
4.75682846001   2.78737942714e-27
4.92457765338   6.53816167745e-26
5.09824250928   1.28738718168e-24
5.27803164309   2.13788452374e-23
5.46416102702   3.00980929788e-22
5.65685424949   3.61242725249e-21
5.85634278378   3.71806312178e-20
6.06286626604   3.30170046114e-19
6.27667278317   2.54549743707e-18
6.49801917085   1.71463645822e-17
6.72717132203   1.01555304413e-16
6.96440450637   5.32263685524e-16
7.21000370089   2.48418714876e-15
7.46426393229   1.03890293462e-14
7.7274906314   3.91691519966e-14
8.0   1.3392740498e-13
8.28211939073   4.17685325465e-13
8.57418770029   1.19479472919e-12
8.87655577654   3.15148884798e-12
9.18958683998   7.70424571429e-12
9.51365692002   1.75406976987e-11
9.84915530676   3.7365745199e-11
10.1964850186   7.48027736016e-11
10.5560632862   1.41315628993e-10
10.928322054   2.52936819757e-10
11.313708499   4.30546892309e-10
11.7126855676   6.99479975108e-10
12.1257325321   1.08834024828e-09
12.5533455663   1.62708138723e-09
12.9960383417   2.34457730025e-09
13.4543426441   3.26604164353e-09
13.9288090127   4.41069539847e-09
14.4200074018   5.79002746116e-09
14.9285278646   7.4068659031e-09
15.4549812628   9.25531944366e-09
16.0   1.13215028061e-08
16.5642387815   1.35848560774e-08
17.1483754006   1.60198186559e-08
17.7531115531   1.85976185816e-08
18.37917368   2.12879742446e-08
19.02731384   2.40605610818e-08
19.6983106135   2.68861563256e-08
20.3929700371   2.97374298137e-08
21.1121265724   3.25893925663e-08
21.8566441081   3.54195453212e-08
22.627416998   3.82077871142e-08
23.4253711351   4.09361513809e-08
24.2514650642   4.35884365864e-08
25.1066911327   4.61497926671e-08
25.9920766834   4.86063158271e-08
26.9086852881   5.0944694138e-08
27.8576180255   5.3151936026e-08
28.8400148035   5.52152036665e-08
29.8570557292   5.71217637017e-08
30.9099625256   5.88590584941e-08
32.0   6.04148922146e-08
33.1284775629   6.17777174335e-08
34.2967508012   6.29369997787e-08
35.5062231062   6.38836311643e-08
36.7583473599   6.46103568495e-08
38.0546276801   6.51121789952e-08
39.396621227   6.53867001596e-08
40.7859400742   6.54343746336e-08
42.2242531447   6.52586434169e-08
43.7132882161   6.48659391459e-08
45.2548339959   6.42655590794e-08
46.8507422703   6.34694157897e-08
48.5029301283   6.24916850306e-08
50.2133822654   6.13483772693e-08
51.9841533668   6.00568630091e-08
53.8173705762   5.86353823004e-08
55.715236051   5.71025662188e-08
57.6800296071   5.54769933749e-08
59.7141114584   5.37767986152e-08
61.8199250512   5.20193448432e-08
64.0   5.02209630288e-08
66.2569551258   4.83967604649e-08
68.5935016023   4.65604934272e-08
71.0124462123   4.47244976669e-08
73.5166947198   4.28996685334e-08
76.1092553602   4.10954818362e-08
78.7932424541   3.93200465877e-08
81.5718801484   3.75801813358e-08
84.4485062895   3.58815066843e-08
87.4265764323   3.42285476679e-08
90.5096679919   3.26248407677e-08
93.7014845405   3.10730414336e-08
97.0058602567   2.95750289743e-08
100.426764531   2.81320065402e-08
103.968306734   2.6744594663e-08
107.634741152   2.54129174088e-08
111.430472102   2.4136680679e-08
115.360059214   2.29152425535e-08
119.428222917   2.17476758381e-08
123.639850102   2.06328231624e-08
128.0   1.95693451023e-08
132.513910252   1.85557618699e-08
137.187003205   1.75904891508e-08
142.024892425   1.66718686748e-08
147.03338944   1.57981940932e-08
152.21851072   1.49677327055e-08
157.586484908   1.41787435466e-08
163.143760297   1.34294923017e-08
168.897012579   1.27182634725e-08
174.853152865   1.20433701782e-08
181.019335984   1.14031619302e-08
187.402969081   1.07960306809e-08
194.011720513   1.02204154116e-08
200.853529062   9.67480548773e-09
207.936613467   9.15774298339e-09
215.269482305   8.66782414725e-09
222.860944204   8.20370015805e-09
230.720118428   7.76407729777e-09
238.856445833   7.34771665089e-09
247.279700205   6.95343342221e-09
256.0   6.58009595142e-09
265.027820503   6.22662449067e-09
274.374006409   5.89198980032e-09
284.049784849   5.57521160956e-09
294.066778879   5.27535698028e-09
304.437021441   4.99153860653e-09
315.172969816   4.72291307566e-09
326.287520594   4.46867911292e-09
337.794025158   4.22807582711e-09
349.706305729   4.00038097118e-09
362.038671968   3.78490922941e-09
374.805938162   3.58101053962e-09
388.023441027   3.38806845754e-09
401.707058123   3.2054985683e-09
415.873226934   3.0327469489e-09
430.53896461   2.86928868413e-09
445.721888408   2.71462643771e-09
461.440236857   2.56828907936e-09
477.712891667   2.42983036822e-09
494.55940041   2.29882769208e-09
512.0   2.17488086202e-09
530.055641007   2.05761096121e-09
548.748012819   1.94665924675e-09
568.099569699   1.84168610302e-09
588.133557758   1.74237004511e-09
608.874042881   1.64840677032e-09
630.345939633   1.55950825642e-09
652.575041187   1.47540190447e-09
675.588050316   1.39582972468e-09
699.412611458   1.32054756333e-09
724.077343935   1.24932436911e-09
749.611876324   1.18194149698e-09
776.046882053   1.11819204798e-09
803.414116246   1.05788024316e-09
831.746453869   1.00082083017e-09
861.07792922   9.46838520803e-10
891.443776815   8.95767458055e-10
922.880473713   8.47450711199e-10
955.425783334   8.01739797514e-10
989.118800819   7.58494229296e-10
1024.0   7.17581084874e-10
1060.11128201   6.78874602412e-10
1097.49602564   6.42255795311e-10
1136.1991394   6.07612088109e-10
1176.26711552   5.748369718e-10
1217.74808576   5.43829677561e-10
1260.69187927   5.14494867937e-10
1305.15008237   4.86742344544e-10
1351.17610063   4.60486771433e-10
1398.82522292   4.35647413292e-10
1448.15468787   4.12147887682e-10
1499.22375265   3.8991593058e-10
1552.09376411   3.68883174512e-10
1606.82823249   3.48984938612e-10
1663.49290774   3.30160029959e-10
1722.15585844   3.12350555605e-10
1782.88755363   2.95501744712e-10
1845.76094743   2.7956178026e-10
1910.85156667   2.64481639815e-10
1978.23760164   2.50214944872e-10
2048.0   2.36717818301e-10
2120.22256403   2.23948749487e-10
2194.99205127   2.1186846672e-10
2272.39827879   2.00439816469e-10
2352.53423103   1.8962764916e-10
2435.49617153   1.79398711106e-10
2521.38375853   1.69721542268e-10
2610.30016475   1.60566379518e-10
2702.35220126   1.51905065127e-10
2797.65044583   1.43710960179e-10
2896.30937574   1.35958862654e-10
2998.4475053   1.28624929934e-10
3104.18752821   1.21686605476e-10
3213.65646499   1.15122549454e-10
3326.98581548   1.08912573124e-10
3444.31171688   1.03037576745e-10
3565.77510726   9.74794908367e-11
3691.52189485   9.22212206075e-11
3821.70313333   8.72465933829e-11
3956.47520328   8.25403088667e-11
4096.0   7.80878920841e-11
