#z=2.2
#nu (Ryd)        Jnu (10^-21 erg s^-1 cm^-2 Hz^-1 sr^-1)
0.5   13.5693477706
0.517632461921   13.022633709
0.535886731268   12.5092583973
0.554784736034   11.9733864307
0.574349177499   11.4166102835
0.594603557501   10.8236648226
0.615572206672   10.2286076931
0.63728031366   9.61834229971
0.659753955386   8.99246248736
0.683020128377   8.35062003638
0.707106781187   7.69612980819
0.732042847973   6.93406161647
0.757858283255   6.02631893221
0.784584097897   5.33187998643
0.812252396356   4.62842392553
0.840896415254   3.90565686871
0.870550563296   3.18335744803
0.901250462611   2.45821093283
0.933032991537   1.72829678224
0.965936328925   0.994258199918
1.0   0.210581576038
1.03526492384   0.1925593572
1.07177346254   0.180188845074
1.10956947207   0.170094314754
1.148698355   0.161765997834
1.189207115   0.154796490338
1.23114441334   0.148864273016
1.27456062732   0.143718868765
1.31950791077   0.13916770652
1.36604025675   0.135064695192
1.41421356237   0.131300471295
1.46408569595   0.127794215058
1.51571656651   0.124487046908
1.56916819579   0.121337134792
1.62450479271   0.118317932363
1.68179283051   0.115417268833
1.74110112659   0.112630376576
1.80250092522   0.111329396266
1.86606598307   0.107407560072
1.93187265785   0.104997130748
2.0   0.102805483311
2.07052984768   0.100758980928
2.14354692507   0.0989243272456
2.21913894414   0.0973118852663
2.29739670999   0.0959223192071
2.37841423001   0.0946426483057
2.46228882669   0.0935827914229
2.54912125464   0.0926082166791
2.63901582155   0.0916277739456
2.73208051351   0.0907714844683
2.82842712475   0.0894106683418
2.92817139189   0.0875634227372
3.03143313302   0.0603632762384
3.13833639159   0.0551751690894
3.24900958542   0.0496061097914
3.36358566101   0.0432640460401
3.48220225318   0.0367353975816
3.60500185044   0.0299789036506
3.73213196615   0.0228956388793
3.8637453157   0.0155277674653
4.0   0.00809868439872
4.14105969537   0.00591571552998
4.28709385015   0.00515727066616
4.43827788827   0.00483121697238
4.59479341999   0.00464257037029
4.75682846001   0.00449675099479
4.92457765338   0.0043646859307
5.09824250928   0.00423782657863
5.27803164309   0.00411380237122
5.46416102702   0.00399204816143
5.65685424949   0.00387252738798
5.85634278378   0.00375536887031
6.06286626604   0.0036407595437
6.27667278317   0.00352890625379
6.49801917085   0.00342001740986
6.72717132203   0.00331429277203
6.96440450637   0.003211918527
7.21000370089   0.00311306612909
7.46426393229   0.00301789313385
7.7274906314   0.00292654407942
8.0   0.00283914974786
8.28211939073   0.00275582380896
8.57418770029   0.00267665669874
8.87655577654   0.00260170737291
9.18958683998   0.00253099411712
9.51365692002   0.00246448580604
9.84915530676   0.00240209490202
10.1964850186   0.00234367316195
10.5560632862   0.00228901059936
10.928322054   0.00223783783123
11.313708499   0.00218983159643
11.7126855676   0.00214462299266
12.1257325321   0.00210180783866
12.5533455663   0.00206095851055
12.9960383417   0.00202163660145
13.4543426441   0.00198340579036
13.9288090127   0.00194584436209
14.4200074018   0.00190855688208
14.9285278646   0.00187118459078
15.4549812628   0.00183341414334
16.0   0.0017949843857
16.5642387815   0.00175569093661
17.1483754006   0.00171538844305
17.7531115531   0.00167399049556
18.37917368   0.00163146732331
19.02731384   0.00158784152287
19.6983106135   0.00154318219028
20.3929700371   0.00149759790643
21.1121265724   0.00145122905812
21.8566441081   0.00140423996143
22.627416998   0.00135681119631
23.4253711351   0.00130913247683
24.2514650642   0.00126139628622
25.1066911327   0.0012137924132
25.9920766834   0.00116650344627
26.9086852881   0.00111970121976
27.8576180255   0.00107354416039
28.8400148035   0.00102817545354
29.8570557292   0.000983721931959
30.9099625256   0.000940293582152
32.0   0.000897983563537
33.1284775629   0.000856868639384
34.2967508012   0.000817009926045
35.5062231062   0.000778453876082
36.7583473599   0.000741233421218
38.0546276801   0.000705369211724
39.396621227   0.000670870899527
40.7859400742   0.000637738422413
42.2242531447   0.000605963256126
43.7132882161   0.000575529609507
45.2548339959   0.000546415545184
46.8507422703   0.000518594014452
48.5029301283   0.000492033800112
50.2133822654   0.000466700365063
51.9841533668   0.000442556607591
53.8173705762   0.000419563526593
55.715236051   0.000397680801623
57.6800296071   0.000376867293693
59.7141114584   0.000357081473371
61.8199250512   0.000338281782994
64.0   0.000320426939763
66.2569551258   0.000303476186316
68.5935016023   0.00028738949503
71.0124462123   0.000272127731855
73.5166947198   0.000257652785049
76.1092553602   0.000243927663665
78.7932424541   0.000230916570152
81.5718801484   0.00021858495097
84.4485062895   0.000206899528661
87.4265764323   0.000195828318384
90.5096679919   0.000185340631571
93.7014845405   0.00017540706898
97.0058602567   0.000165999505121
100.426764531   0.000157091065756
103.968306734   0.00014865609992
107.634741152   0.000140670147693
111.430472102   0.000133109904765
115.360059214   0.00012595318468
119.428222917   0.000119178879473
123.639850102   0.000112766919336
128.0   0.000106698231799
132.513910252   0.000100954700841
137.187003205   9.55191262814e-05
142.024892425   9.03751837058e-05
147.03338944   8.55073851513e-05
152.21851072   8.0901040716e-05
157.586484908   7.65422212213e-05
163.143760297   7.24177220227e-05
168.897012579   6.85150280373e-05
174.853152865   6.48222800319e-05
181.019335984   6.13282421999e-05
187.402969081   5.80222710349e-05
194.011720513   5.48942855026e-05
200.853529062   5.19347384952e-05
207.936613467   4.91345895525e-05
215.269482305   4.64852788191e-05
222.860944204   4.39787022108e-05
230.720118428   4.16071877507e-05
238.856445833   3.93634730418e-05
247.279700205   3.72406838336e-05
256.0   3.52323136426e-05
265.027820503   3.33322043873e-05
274.374006409   3.15345279931e-05
284.049784849   2.98337689296e-05
294.066778879   2.82247076357e-05
304.437021441   2.67024047963e-05
315.172969816   2.52621864286e-05
326.287520594   2.38996297418e-05
337.794025158   2.26105497326e-05
349.706305729   2.13909864816e-05
362.038671968   2.02371931152e-05
374.805938162   1.91456244013e-05
388.023441027   1.81129259462e-05
401.707058123   1.71359239627e-05
415.873226934   1.62116155808e-05
430.53896461   1.53371596722e-05
445.721888408   1.45098681635e-05
461.440236857   1.37271978116e-05
477.712891667   1.29867424178e-05
494.55940041   1.22862254581e-05
512.0   1.16234931074e-05
530.055641007   1.09965076366e-05
548.748012819   1.04033411637e-05
568.099569699   9.84216974009e-06
588.133557758   9.31126775348e-06
608.874042881   8.80900263167e-06
630.345939633   8.33382983054e-06
652.575041187   7.88428809144e-06
675.588050316   7.4589949534e-06
699.412611458   7.05664250672e-06
724.077343935   6.67599337494e-06
749.611876324   6.31587691305e-06
776.046882053   5.97518561027e-06
803.414116246   5.65287168653e-06
831.746453869   5.34794387219e-06
861.07792922   5.05946436118e-06
891.443776815   4.78654592832e-06
922.880473713   4.52834920191e-06
955.425783334   4.28408008323e-06
989.118800819   4.05298730523e-06
1024.0   3.83436012262e-06
1060.11128201   3.62752612662e-06
1097.49602564   3.43184917741e-06
1136.1991394   3.24672744809e-06
1176.26711552   3.07159157405e-06
1217.74808576   2.90590290213e-06
1260.69187927   2.74915183426e-06
1305.15008237   2.60085626026e-06
1351.17610063   2.46056007529e-06
1398.82522292   2.32783177719e-06
1448.15468787   2.20226313943e-06
1499.22375265   2.08346795571e-06
1552.09376411   1.97108085216e-06
1606.82823249   1.86475616372e-06
1663.49290774   1.764166871e-06
1722.15585844   1.66900359457e-06
1782.88755363   1.57897364343e-06
1845.76094743   1.49380011487e-06
1910.85156667   1.41322104279e-06
1978.23760164   1.33698859205e-06
2048.0   1.26486829622e-06
2120.22256403   1.19663833645e-06
2194.99205127   1.13208885924e-06
2272.39827879   1.07102133102e-06
2352.53423103   1.01324792754e-06
2435.49617153   9.58590956205e-07
2521.38375853   9.06882309509e-07
2610.30016475   8.57962948051e-07
2702.35220126   8.11682411355e-07
2797.65044583   7.6789835512e-07
2896.30937574   7.2647611341e-07
2998.4475053   6.87288284472e-07
3104.18752821   6.50214338891e-07
3213.65646499   6.15140248881e-07
3326.98581548   5.81958137575e-07
3444.31171688   5.50565947229e-07
3565.77510726   5.20867125328e-07
3691.52189485   4.92770327621e-07
3821.70313333   4.66189137177e-07
3956.47520328   4.41041798594e-07
4096.0   4.17250966545e-07
