#z=6.65
#nu (Ryd)        Jnu (10^-21 erg s^-1 cm^-2 Hz^-1 sr^-1)
0.5   30.586872004
0.517632461921   30.4647683954
0.535886731268   30.2770112852
0.554784736034   30.0657001767
0.574349177499   29.794970324
0.594603557501   29.4527229134
0.615572206672   29.0244759381
0.63728031366   28.4939440516
0.659753955386   27.8429836999
0.683020128377   27.0569912098
0.707106781187   26.1026675894
0.732042847973   24.7393398534
0.757858283255   22.4883800025
0.784584097897   20.7799690716
0.812252396356   18.8040243723
0.840896415254   16.5349333144
0.870550563296   13.9478888881
0.901250462611   11.0197186951
0.933032991537   7.72970393544
0.965936328925   4.06056777286
1.0   0.0808063854093
1.03526492384   0.0711761209395
1.07177346254   0.065158200162
1.10956947207   0.0605491597055
1.148698355   0.0570622093824
1.189207115   0.0544583724986
1.23114441334   0.052540978094
1.27456062732   0.0511502446326
1.31950791077   0.0501580939466
1.36604025675   0.0494632946692
1.41421356237   0.0489869996544
1.46408569595   0.0486687155549
1.51571656651   0.0484627253239
1.56916819579   0.0483349736366
1.62450479271   0.0482604172364
1.68179283051   0.0482208331682
1.74110112659   0.0482030653914
1.80250092522   0.04931712936
1.86606598307   0.0481979363827
1.93187265785   0.048199127527
2.0   0.0481980150863
2.07052984768   0.0481924877937
2.14354692507   0.0481812640281
2.21913894414   0.0481636394804
2.29739670999   0.0481392578164
2.37841423001   0.0481079078814
2.46228882669   0.0480693629924
2.54912125464   0.0480232771051
2.63901582155   0.0479691303436
2.73208051351   0.0479062512345
2.82842712475   0.0478334124962
2.92817139189   0.0477453082857
3.03143313302   0.047597549001
3.13833639159   0.0473529931825
3.24900958542   0.0468473777455
3.36358566101   0.0457455090198
3.48220225318   0.0433939135723
3.60500185044   0.0386413492285
3.73213196615   0.029646643021
3.8637453157   0.0137259953855
4.0   2.88641230896e-25
4.14105969537   6.6562856055e-25
4.28709385015   9.33230772254e-24
4.43827788827   1.18059805262e-22
4.59479341999   1.33215408715e-21
4.75682846001   1.33665893887e-20
4.92457765338   1.19301094155e-19
5.09824250928   9.48814033512e-19
5.27803164309   6.74038054872e-18
5.46416102702   4.28933985488e-17
5.65685424949   2.45283191997e-16
5.85634278378   1.26470551849e-15
6.06286626604   5.90081387273e-15
6.27667278317   2.50067569471e-14
6.49801917085   9.66266210109e-14
6.72717132203   3.41770673438e-13
6.96440450637   1.11095241353e-12
7.21000370089   3.3320330495e-12
7.46426393229   9.25766250037e-12
7.7274906314   2.39210481909e-11
8.0   5.77069683651e-11
8.28211939073   1.30464673965e-10
8.57418770029   2.77446553268e-10
8.87655577654   5.56986143475e-10
9.18958683998   1.05923596174e-09
9.51365692002   1.91458321667e-09
9.84915530676   3.299769207e-09
10.1964850186   5.43952026731e-09
10.5560632862   8.60185712581e-09
10.928322054   1.3086219557e-08
11.313708499   1.92049380522e-08
11.7126855676   2.7260038661e-08
12.1257325321   3.75184633084e-08
12.5533455663   5.01892117446e-08
12.9960383417   6.54055653359e-08
13.4543426441   8.3214574744e-08
13.9288090127   1.03574681875e-07
14.4200074018   1.26361040551e-07
14.9285278646   1.51377071499e-07
15.4549812628   1.78370180418e-07
16.0   2.07049399244e-07
16.5642387815   2.37102902236e-07
17.1483754006   2.6821377585e-07
17.7531115531   3.00072955139e-07
18.37917368   3.32388772544e-07
19.02731384   3.64893024823e-07
19.6983106135   3.97343812931e-07
20.3929700371   4.29525639579e-07
21.1121265724   4.6124737111e-07
21.8566441081   4.9233870632e-07
22.627416998   5.22645769816e-07
23.4253711351   5.52026384729e-07
24.2514650642   5.80345497701e-07
25.1066911327   6.07471140972e-07
25.9920766834   6.33271229996e-07
26.9086852881   6.57611413437e-07
27.8576180255   6.80354115792e-07
28.8400148035   7.01358839265e-07
29.8570557292   7.20483718502e-07
30.9099625256   7.37588247433e-07
32.0   7.52537021693e-07
33.1284775629   7.6520426529e-07
34.2967508012   7.75478841513e-07
35.5062231062   7.83269393302e-07
36.7583473599   7.88509226242e-07
38.0546276801   7.91160546499e-07
39.396621227   7.91217701505e-07
40.7859400742   7.88709143533e-07
42.2242531447   7.83697939471e-07
43.7132882161   7.76280772592e-07
45.2548339959   7.66585508574e-07
46.8507422703   7.54767512309e-07
48.5029301283   7.41004990515e-07
50.2133822654   7.2549368907e-07
51.9841533668   7.08441290562e-07
53.8173705762   6.9006183987e-07
55.715236051   6.70570480877e-07
57.6800296071   6.50178725264e-07
59.7141114584   6.29090404737e-07
61.8199250512   6.07498389414e-07
64.0   5.85582094113e-07
66.2569551258   5.63505744756e-07
68.5935016023   5.41417340646e-07
71.0124462123   5.19448224929e-07
73.5166947198   4.9771316349e-07
76.1092553602   4.76310829796e-07
78.7932424541   4.55324597422e-07
81.5718801484   4.34823550866e-07
84.4485062895   4.1486363681e-07
87.4265764323   3.95488890703e-07
90.5096679919   3.76732686212e-07
93.7014845405   3.58618966941e-07
97.0058602567   3.41163430407e-07
100.426764531   3.24374643328e-07
103.968306734   3.08255074797e-07
107.634741152   2.92802039931e-07
111.430472102   2.78008551274e-07
115.360059214   2.63864078706e-07
119.428222917   2.50355221141e-07
123.639850102   2.37466294988e-07
128.0   2.25179845407e-07
132.513910252   2.13477086979e-07
137.187003205   2.02338280565e-07
142.024892425   1.91743053111e-07
147.03338944   1.81670666835e-07
152.21851072   1.72100243893e-07
157.586484908   1.63010952147e-07
163.143760297   1.54382157161e-07
168.897012579   1.46193545061e-07
174.853152865   1.38425220395e-07
181.019335984   1.31057782653e-07
187.402969081   1.24072384691e-07
194.011720513   1.17450775869e-07
200.853529062   1.11175332375e-07
207.936613467   1.05229076846e-07
215.269482305   9.95956891415e-08
222.860944204   9.42595098231e-08
230.720118428   8.92055376982e-08
238.856445833   8.44194225674e-08
247.279700205   7.98874541488e-08
256.0   7.55965479976e-08
265.027820503   7.15342291124e-08
274.374006409   6.76886138052e-08
284.049784849   6.40483903183e-08
294.066778879   6.06027985867e-08
304.437021441   5.73416094777e-08
315.172969816   5.42551037771e-08
326.287520594   5.13340511437e-08
337.794025158   4.8569689209e-08
349.706305729   4.59537029649e-08
362.038671968   4.34782045519e-08
374.805938162   4.11357135331e-08
388.023441027   3.89191377219e-08
401.707058123   3.68217546107e-08
415.873226934   3.48371934341e-08
430.53896461   3.29594178901e-08
445.721888408   3.11827095302e-08
461.440236857   2.95016518236e-08
477.712891667   2.79111148933e-08
494.55940041   2.64062409161e-08
512.0   2.49824301766e-08
530.055641007   2.36353277594e-08
548.748012819   2.23608108638e-08
568.099569699   2.1154976721e-08
588.133557758   2.00141310956e-08
608.874042881   1.89347773488e-08
630.345939633   1.79136060429e-08
652.575041187   1.69474850658e-08
675.588050316   1.60334502526e-08
699.412611458   1.51686964849e-08
724.077343935   1.4350569244e-08
749.611876324   1.35765566003e-08
776.046882053   1.2844281616e-08
803.414116246   1.21514951436e-08
831.746453869   1.14960689995e-08
861.07792922   1.08759894961e-08
891.443776815   1.02893513133e-08
922.880473713   9.7343516933e-09
955.425783334   9.20928494181e-09
989.118800819   8.71253722122e-09
1024.0   8.24258161955e-09
1060.11128201   7.79797348183e-09
1097.49602564   7.37734599006e-09
1136.1991394   6.97940597893e-09
1176.26711552   6.60292997494e-09
1217.74808576   6.24676044729e-09
1260.69187927   5.90980225936e-09
1305.15008237   5.5910193103e-09
1351.17610063   5.28943135656e-09
1398.82522292   5.004111004e-09
1448.15468787   4.73418086134e-09
1499.22375265   4.47881084656e-09
1552.09376411   4.237215638e-09
1606.82823249   4.00865226241e-09
1663.49290774   3.7924178128e-09
1722.15585844   3.58784728894e-09
1782.88755363   3.39431155418e-09
1845.76094743   3.21121540214e-09
1910.85156667   3.03799572749e-09
1978.23760164   2.87411979534e-09
2048.0   2.71908360367e-09
2120.22256403   2.5724103341e-09
2194.99205127   2.43364888611e-09
2272.39827879   2.30237249014e-09
2352.53423103   2.17817739559e-09
2435.49617153   2.0606816294e-09
2521.38375853   1.94952382158e-09
2610.30016475   1.84436209411e-09
2702.35220126   1.74487300963e-09
2797.65044583   1.65075057693e-09
2896.30937574   1.56170530995e-09
2998.4475053   1.47746333759e-09
3104.18752821   1.39776556149e-09
3213.65646499   1.32236685926e-09
3326.98581548   1.2510353306e-09
3444.31171688   1.18355158419e-09
3565.77510726   1.11970806291e-09
3691.52189485   1.05930840558e-09
3821.70313333   1.00216684299e-09
3956.47520328   9.48107626651e-10
4096.0   8.96964488198e-10
