#z=4.45
#nu (Ryd)        Jnu (10^-21 erg s^-1 cm^-2 Hz^-1 sr^-1)
0.5   32.0693023162
0.517632461921   31.608004632
0.535886731268   31.1297714064
0.554784736034   30.5691339919
0.574349177499   29.9132814281
0.594603557501   29.1529014611
0.615572206672   28.278594778
0.63728031366   27.2817029634
0.659753955386   26.1546618381
0.683020128377   24.8913663536
0.707106781187   23.4837181946
0.732042847973   21.6611339567
0.757858283255   19.3343801684
0.784584097897   17.429443142
0.812252396356   15.378972932
0.840896415254   13.1873855988
0.870550563296   10.8605616969
0.901250462611   8.40596786713
0.933032991537   5.8318365953
0.965936328925   3.14686579119
1.0   0.135626764814
1.03526492384   0.119375216529
1.07177346254   0.109862977882
1.10956947207   0.10252720252
1.148698355   0.0969052642613
1.189207115   0.0926171336226
1.23114441334   0.0893544896498
1.27456062732   0.0868704096326
1.31950791077   0.0849698013383
1.36604025675   0.083500681841
1.41421356237   0.0823463592896
1.46408569595   0.0814185404422
1.51571656651   0.0806513644856
1.56916819579   0.0799963470025
1.62450479271   0.0794182013084
1.68179283051   0.0788914842473
1.74110112659   0.0783979897957
1.80250092522   0.0803517707117
1.86606598307   0.077462802644
1.93187265785   0.0770057620897
2.0   0.0765494664162
2.07052984768   0.0760911943012
2.14354692507   0.0756292364668
2.21913894414   0.075162434969
2.29739670999   0.0746897803881
2.37841423001   0.0742102179348
2.46228882669   0.0737237727747
2.54912125464   0.0732368779651
2.63901582155   0.0727889023566
2.73208051351   0.0727246426515
2.82842712475   0.0735526926449
2.92817139189   0.0759763958262
3.03143313302   0.0678327822732
3.13833639159   0.0653248279092
3.24900958542   0.0618408211024
3.36358566101   0.0570885061988
3.48220225318   0.0507503814976
3.60500185044   0.0425097904364
3.73213196615   0.0318512963315
3.8637453157   0.018185540553
4.0   0.000205002045739
4.14105969537   0.000135105912124
4.28709385015   0.000116125891959
4.43827788827   0.000110423693204
4.59479341999   0.0001091030771
4.75682846001   0.000109109325475
4.92457765338   0.000109442779674
5.09824250928   0.000109794997513
5.27803164309   0.000110079703688
5.46416102702   0.000110278965465
5.65685424949   0.000110395151149
5.85634278378   0.000110436649353
6.06286626604   0.000110413811679
6.27667278317   0.000110337820871
6.49801917085   0.000110220344804
6.72717132203   0.000110073388316
6.96440450637   0.000109909194581
7.21000370089   0.000109740162068
7.46426393229   0.00010957876657
7.7274906314   0.000109437477747
8.0   0.000109328655886
8.28211939073   0.0001092644138
8.57418770029   0.000109256433102
8.87655577654   0.000109315732805
9.18958683998   0.000109452398832
9.51365692002   0.000109675292479
9.84915530676   0.000109991761445
10.1964850186   0.000110407377631
10.5560632862   0.000110925721935
10.928322054   0.000111548229298
11.313708499   0.000112274099387
11.7126855676   0.000113100271128
12.1257325321   0.000114021453899
12.5533455663   0.000115030204787
12.9960383417   0.00011611703975
13.4543426441   0.000117270566574
13.9288090127   0.00011847762883
14.4200074018   0.0001197234526
14.9285278646   0.000120991791319
15.4549812628   0.000122265068501
16.0   0.000123524522885
16.5642387815   0.000124750364748
17.1483754006   0.000125921954917
17.7531115531   0.000127018018205
18.37917368   0.000128016900499
19.02731384   0.000128896873716
19.6983106135   0.000129636486806
20.3929700371   0.000130214955122
21.1121265724   0.000130612576085
21.8566441081   0.000130811156427
22.627416998   0.000130794435256
23.4253711351   0.000130548487008
24.2514650642   0.000130062088622
25.1066911327   0.000129327035672
25.9920766834   0.000128338392833
26.9086852881   0.000127094665378
27.8576180255   0.000125597880627
28.8400148035   0.000123853571724
29.8570557292   0.000121870660592
30.9099625256   0.000119661242234
32.0   0.000117240278016
33.1284775629   0.000114625210823
34.2967508012   0.000111835519258
35.5062231062   0.000108892231098
36.7583473599   0.000105817417686
38.0546276801   0.000102633690782
39.396621227   9.93637217338e-05
40.7859400742   9.60297999572e-05
42.2242531447   9.26534439361e-05
43.7132882161   8.92550737675e-05
45.2548339959   8.58537500266e-05
46.8507422703   8.24669797921e-05
48.5029301283   7.91105873107e-05
50.2133822654   7.57986441441e-05
51.9841533668   7.25434517972e-05
53.8173705762   6.93555687459e-05
55.715236051   6.6243873374e-05
57.6800296071   6.32156544806e-05
59.7141114584   6.027672157e-05
61.8199250512   5.74315279765e-05
64.0   5.46833008558e-05
66.2569551258   5.2034173119e-05
68.5935016023   4.94853134013e-05
71.0124462123   4.70370511002e-05
73.5166947198   4.4688994358e-05
76.1092553602   4.24401395758e-05
78.7932424541   4.02889716405e-05
81.5718801484   3.82335545159e-05
84.4485062895   3.62716122144e-05
87.4265764323   3.44006004329e-05
90.5096679919   3.26177693268e-05
93.7014845405   3.092021802e-05
97.0058602567   2.93049415198e-05
100.426764531   2.77688707382e-05
103.968306734   2.63089063222e-05
107.634741152   2.49219469756e-05
111.430472102   2.36049129228e-05
115.360059214   2.23547651163e-05
119.428222917   2.11685207468e-05
123.639850102   2.00432655568e-05
128.0   1.89761634134e-05
132.513910252   1.79644635418e-05
137.187003205   1.70055057769e-05
142.024892425   1.6096724146e-05
147.03338944   1.52356490554e-05
152.21851072   1.44199083181e-05
157.586484908   1.36472272271e-05
163.143760297   1.29154278506e-05
168.897012579   1.22224276985e-05
174.853152865   1.15662378901e-05
181.019335984   1.09449609291e-05
187.402969081   1.03567881805e-05
194.011720513   9.7999971233e-06
200.853529062   9.27294844639e-06
207.936613467   8.77408303869e-06
215.269482305   8.30191891921e-06
222.860944204   7.85504814288e-06
230.720118428   7.43213371163e-06
238.856445833   7.03190651474e-06
247.279700205   6.65316231749e-06
256.0   6.29475881294e-06
265.027820503   5.95561274856e-06
274.374006409   5.63469713633e-06
284.049784849   5.33103855268e-06
294.066778879   5.04371453268e-06
304.437021441   4.77185106113e-06
315.172969816   4.5146201621e-06
326.287520594   4.27123758718e-06
337.794025158   4.04096060193e-06
349.706305729   3.82308586928e-06
362.038671968   3.61694742815e-06
374.805938162   3.42191476501e-06
388.023441027   3.2373909759e-06
401.707058123   3.06281101603e-06
415.873226934   2.89764003419e-06
430.53896461   2.74137178866e-06
445.721888408   2.59352714172e-06
461.440236857   2.45365262944e-06
477.712891667   2.3213191037e-06
494.55940041   2.1961204432e-06
512.0   2.07767233055e-06
530.055641007   1.96561109225e-06
548.748012819   1.85959259881e-06
568.099569699   1.75929122196e-06
588.133557758   1.66439884639e-06
608.874042881   1.57462393328e-06
630.345939633   1.48969063299e-06
652.575041187   1.40933794459e-06
675.588050316   1.33331891983e-06
699.412611458   1.26139990922e-06
724.077343935   1.19335984817e-06
749.611876324   1.12898958108e-06
776.046882053   1.06809122139e-06
803.414116246   1.01047754587e-06
831.746453869   9.55971421077e-07
861.07792922   9.04405260667e-07
891.443776815   8.55620511598e-07
922.880473713   8.09467167926e-07
955.425783334   7.65803310645e-07
989.118800819   7.24494672202e-07
1024.0   6.85414224392e-07
1060.11128201   6.48441788384e-07
1097.49602564   6.13463665695e-07
1136.1991394   5.80372289e-07
1176.26711552   5.49065891725e-07
1217.74808576   5.19448195402e-07
1260.69187927   4.91428113858e-07
1305.15008237   4.64919473316e-07
1351.17610063   4.39840747569e-07
1398.82522292   4.16114807416e-07
1448.15468787   3.93668683585e-07
1499.22375265   3.72433342437e-07
1552.09376411   3.52343473744e-07
1606.82823249   3.3333728991e-07
1663.49290774   3.15356336008e-07
1722.15585844   2.98345310055e-07
1782.88755363   2.82251892973e-07
1845.76094743   2.67026587723e-07
1910.85156667   2.526225671e-07
1978.23760164   2.38995529744e-07
2048.0   2.26103563909e-07
2120.22256403   2.13907018577e-07
2194.99205127   2.02368381524e-07
2272.39827879   1.91452163962e-07
2352.53423103   1.81124791397e-07
2435.49617153   1.71354500379e-07
2521.38375853   1.62111240815e-07
2610.30016475   1.53366583555e-07
2702.35220126   1.45093632955e-07
2797.65044583   1.37266944166e-07
2896.30937574   1.29862444873e-07
2998.4475053   1.22857361263e-07
3104.18752821   1.16230147985e-07
3213.65646499   1.09960421881e-07
3326.98581548   1.04028899301e-07
3444.31171688   9.84173367919e-08
3565.77510726   9.31084749894e-08
3691.52189485   8.80859855337e-08
3821.70313333   8.33344208511e-08
3956.47520328   7.8839166642e-08
4096.0   7.45863969337e-08
