#z=9.5
#nu (Ryd)        Jnu (10^-21 erg s^-1 cm^-2 Hz^-1 sr^-1)
0.5   10.5536165847
0.517632461921   10.5626663137
0.535886731268   10.5743492497
0.554784736034   10.5892020036
0.574349177499   10.6076762181
0.594603557501   10.6305526918
0.615572206672   10.6584350516
0.63728031366   705.54718261
0.659753955386   10.4485740401
0.683020128377   10.3120946555
0.707106781187   10.1222140756
0.732042847973   9.81124012053
0.757858283255   9.02469841604
0.784584097897   8.50583589271
0.812252396356   7.86090091927
0.840896415254   7.06618992413
0.870550563296   6.09504298802
0.901250462611   4.91781276181
0.933032991537   3.50181257343
0.965936328925   1.81136899654
1.0   0.0169063218322
1.03526492384   0.0148217074052
1.07177346254   0.0136854970843
1.10956947207   0.0128189360943
1.148698355   0.0121704790877
1.189207115   0.0116961529424
1.23114441334   0.0113589662582
1.27456062732   0.0111282421463
1.31950791077   0.0109789124163
1.36604025675   0.0108908037454
1.41421356237   0.0108479391396
1.46408569595   0.0108378720618
1.51571656651   0.0108510664438
1.56916819579   0.0108803331399
1.62450479271   0.0109203314499
1.68179283051   0.0109671422248
1.74110112659   0.0110179160642
1.80250092522   0.0114418056962
1.86606598307   0.0111237092161
1.93187265785   0.0111762175955
2.0   0.011227413465
2.07052984768   0.0112768454882
2.14354692507   0.0113242609687
2.21913894414   0.0113695543582
2.29739670999   0.0114127167816
2.37841423001   0.0114537866033
2.46228882669   0.0114928051449
2.54912125464   0.011529783567
2.63901582155   0.0115646861571
2.73208051351   0.0115974320988
2.82842712475   0.0116279132948
2.92817139189   0.0116560208383
3.03143313302   0.0116816493369
3.13833639159   0.0117045551884
3.24900958542   0.0117230664254
3.36358566101   0.0117265215522
3.48220225318   0.0116595997634
3.60500185044   0.01128580519
3.73213196615   0.00975866914329
3.8637453157   0.00450686277421
4.0   1.88149198469e-46
4.14105969537   4.55682078297e-46
4.28709385015   1.20229596571e-43
4.43827788827   2.39814651669e-41
4.59479341999   3.60430216614e-39
4.75682846001   4.09865701228e-37
4.92457765338   3.55203924917e-35
5.09824250928   2.3663303e-33
5.27803164309   1.22318934477e-31
5.46416102702   4.95426518013e-30
5.65685424949   1.58817258083e-28
5.85634278378   4.07086769608e-27
6.06286626604   8.42984359643e-26
6.27667278317   1.42484974065e-24
6.49801917085   1.98600921191e-23
6.72717132203   2.30593377097e-22
6.96440450637   2.2525658878e-21
7.21000370089   1.8693228821e-20
7.46426393229   1.33032745699e-19
7.7274906314   8.19323440695e-19
8.0   4.40535236304e-18
8.28211939073   2.08535972552e-17
8.57418770029   8.76066920262e-17
8.87655577654   3.2912560895e-16
9.18958683998   1.11377516496e-15
9.51365692002   3.41839440253e-15
9.84915530676   9.57749121319e-15
10.1964850186   2.4646081199e-14
10.5560632862   5.85902338322e-14
10.928322054   1.29377969919e-13
11.313708499   2.66747657142e-13
11.7126855676   5.16028648187e-13
12.1257325321   9.41016265657e-13
12.5533455663   1.6247466968e-12
12.9960383417   2.66722428958e-12
13.4543426441   4.17973990842e-12
13.9288090127   6.27623199703e-12
14.4200074018   9.06291363739e-12
14.9285278646   1.26278539933e-11
15.4549812628   1.70322168836e-11
16.0   2.23044515192e-11
16.5642387815   2.84380677867e-11
17.1483754006   3.53929280295e-11
17.7531115531   4.30994284161e-11
18.37917368   5.14646191985e-11
19.02731384   6.03792307748e-11
19.6983106135   6.97246790282e-11
20.3929700371   7.93793431062e-11
21.1121265724   8.922366967e-11
21.8566441081   9.91439058551e-11
22.627416998   1.09034466532e-10
23.4253711351   1.18799086593e-10
24.2514650642   1.28350996117e-10
25.1066911327   1.37612393731e-10
25.9920766834   1.46513493095e-10
26.9086852881   1.54991391392e-10
27.8576180255   1.6298896733e-10
28.8400148035   1.7045396742e-10
29.8570557292   1.77338388477e-10
30.9099625256   1.8359821469e-10
32.0   1.89193521307e-10
33.1284775629   1.94088915365e-10
34.2967508012   1.9825424841e-10
35.5062231062   2.01665508366e-10
36.7583473599   2.04305779473e-10
38.0546276801   2.06166152004e-10
39.396621227   2.07246468315e-10
40.7859400742   2.07555808286e-10
42.2242531447   2.07112643683e-10
43.7132882161   2.05944624253e-10
45.2548339959   2.0408799415e-10
46.8507422703   2.01586671222e-10
48.5029301283   1.98491049663e-10
50.2133822654   1.94856605752e-10
51.9841533668   1.90742395608e-10
53.8173705762   1.86209533295e-10
55.715236051   1.81319728903e-10
57.6800296071   1.76133951639e-10
59.7141114584   1.70711265262e-10
61.8199250512   1.65107864796e-10
64.0   1.59376326305e-10
66.2569551258   1.53565067043e-10
68.5935016023   1.47718002112e-10
71.0124462123   1.4187437605e-10
73.5166947198   1.36068743369e-10
76.1092553602   1.303310703e-10
78.7932424541   1.24686930454e-10
81.5718801484   1.19157769014e-10
84.4485062895   1.13761212956e-10
87.4265764323   1.08511408134e-10
90.5096679919   1.03419367544e-10
93.7014845405   9.84933183937e-11
97.0058602567   9.37390386681e-11
100.426764531   8.91601764951e-11
103.968306734   8.47585478675e-11
107.634741152   8.05344100767e-11
111.430472102   7.64867096433e-11
115.360059214   7.26133046169e-11
119.428222917   6.89111619071e-11
123.639850102   6.53765308673e-11
128.0   6.20050947035e-11
132.513910252   5.87921014963e-11
137.187003205   5.57324767081e-11
142.024892425   5.28209190602e-11
147.03338944   5.00519816065e-11
152.21851072   4.74201397394e-11
157.586484908   4.49198477425e-11
163.143760297   4.25455853703e-11
168.897012579   4.02918957984e-11
174.853152865   3.81534161482e-11
181.019335984   3.61249016575e-11
187.402969081   3.42012444426e-11
194.011720513   3.23774876822e-11
200.853529062   3.06488359467e-11
207.936613467   2.9010662301e-11
215.269482305   2.74585127233e-11
222.860944204   2.59881083063e-11
230.720118428   2.45953456404e-11
238.856445833   2.32762957198e-11
247.279700205   2.20272016599e-11
256.0   2.08444754736e-11
265.027820503   1.97246941099e-11
274.374006409   1.86645949319e-11
284.049784849   1.76610707754e-11
294.066778879   1.67111647132e-11
304.437021441   1.58120646216e-11
315.172969816   1.49610976331e-11
326.287520594   1.41557245433e-11
337.794025158   1.33935342246e-11
349.706305729   1.26722380938e-11
362.038671968   1.19896646648e-11
374.805938162   1.13437542181e-11
388.023441027   1.07325536045e-11
401.707058123   1.0154211201e-11
415.873226934   9.60697203029e-12
430.53896461   9.08917305081e-12
445.721888408   8.59923862306e-12
461.440236857   8.13567615453e-12
477.712891667   7.69707192368e-12
494.55940041   7.28208708203e-12
512.0   6.88945383191e-12
530.055641007   6.51797177679e-12
548.748012819   6.16650443989e-12
568.099569699   5.83397594656e-12
588.133557758   5.51936786525e-12
608.874042881   5.22171620173e-12
630.345939633   4.94010854092e-12
652.575041187   4.67368133068e-12
675.588050316   4.42161730172e-12
699.412611458   4.18314301805e-12
724.077343935   3.95752655213e-12
749.611876324   3.74407527919e-12
776.046882053   3.54213378543e-12
803.414116246   3.35108188441e-12
831.746453869   3.17033273692e-12
861.07792922   2.99933106901e-12
891.443776815   2.83755148349e-12
922.880473713   2.68449686032e-12
955.425783334   2.53969684137e-12
989.118800819   2.40270639534e-12
1024.0   2.27310445872e-12
1060.11128201   2.15049264897e-12
1097.49602564   2.03449404614e-12
1136.1991394   1.92475203943e-12
1176.26711552   1.82092923523e-12
1217.74808576   1.7227064236e-12
1260.69187927   1.62978159989e-12
1305.15008237   1.54186903888e-12
1351.17610063   1.45869841838e-12
1398.82522292   1.38001398991e-12
1448.15468787   1.30557379384e-12
1499.22375265   1.23514891667e-12
1552.09376411   1.16852278821e-12
1606.82823249   1.1054905165e-12
1663.49290774   1.04585825852e-12
1722.15585844   9.89442624722e-13
1782.88755363   9.36070115614e-13
1845.76094743   8.85576588629e-13
1910.85156667   8.37806753726e-13
1978.23760164   7.92613696139e-13
2048.0   7.49858424819e-13
2120.22256403   7.09409445202e-13
2194.99205127   6.71142354999e-13
2272.39827879   6.34939461749e-13
2352.53423103   6.00689420999e-13
2435.49617153   5.68286893966e-13
2521.38375853   5.37632223663e-13
2610.30016475   5.08631128476e-13
2702.35220126   4.81194412261e-13
2797.65044583   4.55237690071e-13
2896.30937574   4.30681128667e-13
2998.4475053   4.07449201024e-13
3104.18752821   3.85470454072e-13
3213.65646499   3.6467728896e-13
3326.98581548   3.45005753174e-13
3444.31171688   3.26395343857e-13
3565.77510726   3.08788821746e-13
3691.52189485   2.92132035132e-13
3821.70313333   2.76373753328e-13
3956.47520328   2.61465509103e-13
4096.0   2.47361449625e-13
