#z=10.1
#nu (Ryd)        Jnu (10^-21 erg s^-1 cm^-2 Hz^-1 sr^-1)
0.5   2.76123986273
0.517632461921   2.76092250589
0.535886731268   2.76374276332
0.554784736034   2.76744052735
0.574349177499   2.77218703054
0.594603557501   2.77819035503
0.615572206672   2.78564840167
0.63728031366   2.79482511797
0.659753955386   2.79787302594
0.683020128377   6.97993943928
0.707106781187   2.71729191331
0.732042847973   2.65846431386
0.757858283255   2.45756803612
0.784584097897   2.31096753581
0.812252396356   2.14582810375
0.840896415254   1.93892677293
0.870550563296   1.68209178067
0.901250462611   1.36607590879
0.933032991537   0.980520338182
0.965936328925   0.513938954711
1.0   0.00385505983726
1.03526492384   0.00344527145915
1.07177346254   0.00319425790695
1.10956947207   0.00300346343051
1.148698355   0.00286158734826
1.189207115   0.00275891761464
1.23114441334   0.0026872288567
1.27456062732   0.00263965751188
1.31950791077   0.00261056311246
1.36604025675   0.00259538314942
1.41421356237   0.00259048734283
1.46408569595   0.00259303582072
1.51571656651   0.00260084477575
1.56916819579   0.00261226257021
1.62450479271   0.00262605881512
1.68179283051   0.00264132844232
1.74110112659   0.00265741205147
1.80250092522   0.00272586225765
1.86606598307   0.00269024883721
1.93187265785   0.00270641926906
2.0   0.00272218036301
2.07052984768   0.00273742876338
2.14354692507   0.00275210835313
2.21913894414   0.00276619838655
2.29739670999   0.00277970164333
2.37841423001   0.0027926326135
2.46228882669   0.00280500672509
2.54912125464   0.00281683211714
2.63901582155   0.00282810530513
2.73208051351   0.00283881133997
2.82842712475   0.00284892796892
2.92817139189   0.00285843225756
3.03143313302   0.00286730689185
3.13833639159   0.00287553896534
3.24900958542   0.00288305892895
3.36358566101   0.0028892031292
3.48220225318   0.00288920973705
3.60500185044   0.00285606421076
3.73213196615   0.00266501917144
3.8637453157   0.00183868192212
4.0   1.63709840053e-51
4.14105969537   4.36115453405e-50
4.28709385015   1.88206917551e-47
4.43827788827   5.93017679748e-45
4.59479341999   1.36271007766e-42
4.75682846001   2.29776936684e-40
4.92457765338   2.86907245059e-38
5.09824250928   2.68065960083e-36
5.27803164309   1.89504399415e-34
5.46416102702   1.02527507478e-32
5.65685424949   4.29493509652e-31
5.85634278378   1.40947835497e-29
6.06286626604   3.66637868004e-28
6.27667278317   7.64808591997e-27
6.49801917085   1.29420285664e-25
6.72717132203   1.79678043917e-24
6.96440450637   2.06931526823e-23
7.21000370089   1.9982912043e-22
7.46426393229   1.63493272334e-21
7.7274906314   1.14469681186e-20
8.0   6.92454961595e-20
8.28211939073   3.65238853892e-19
8.57418770029   1.69445416205e-18
8.87655577654   6.97175262441e-18
9.18958683998   2.56399323304e-17
9.51365692002   8.49131133331e-17
9.84915530676   2.55011354594e-16
10.1964850186   6.99111975183e-16
10.5560632862   1.76056693358e-15
10.928322054   4.09678059775e-15
11.313708499   8.85813123948e-15
11.7126855676   1.78913939902e-14
12.1257325321   3.39250267694e-14
12.5533455663   6.06775586327e-14
12.9960383417   1.02830091795e-13
13.4543426441   1.65824837578e-13
13.9288090127   2.55490159758e-13
14.4200074018   3.77536855389e-13
14.9285278646   5.37005010485e-13
15.4549812628   7.37754001972e-13
16.0   9.82076959527e-13
16.5642387815   1.27049109513e-12
17.1483754006   1.60171779635e-12
17.7531115531   1.97283233589e-12
18.37917368   2.37953979258e-12
19.02731384   2.81652368289e-12
19.6983106135   3.27781526407e-12
20.3929700371   3.7571407952e-12
21.1121265724   4.24821717359e-12
21.8566441081   4.74497996436e-12
22.627416998   5.24173969938e-12
23.4253711351   5.73327132154e-12
24.2514650642   6.21484752031e-12
25.1066911327   6.6822297208e-12
25.9920766834   7.13163121323e-12
26.9086852881   7.55966598858e-12
27.8576180255   7.96329488022e-12
28.8400148035   8.33977808612e-12
29.8570557292   8.68664041686e-12
30.9099625256   9.00165291337e-12
32.0   9.28283195571e-12
33.1284775629   9.52845473831e-12
34.2967508012   9.73708809896e-12
35.5062231062   9.90762623846e-12
36.7583473599   1.00393319325e-11
38.0546276801   1.01318754836e-11
39.396621227   1.01853659168e-11
40.7859400742   1.02003697575e-11
42.2242531447   1.01779140482e-11
43.7132882161   1.01194718953e-11
45.2548339959   1.0026930577e-11
46.8507422703   9.90254387565e-12
48.5029301283   9.7488716249e-12
50.2133822654   9.56871035837e-12
51.9841533668   9.36501935253e-12
53.8173705762   9.14084629515e-12
55.715236051   8.89925635995e-12
57.6800296071   8.64326774699e-12
59.7141114584   8.37579588359e-12
61.8199250512   8.09960759193e-12
64.0   7.81728570891e-12
66.2569551258   7.53120395502e-12
68.5935016023   7.24351132297e-12
71.0124462123   6.95612489931e-12
73.5166947198   6.67072983056e-12
76.1092553602   6.38878507377e-12
78.7932424541   6.11153360112e-12
81.5718801484   5.84001582825e-12
84.4485062895   5.57508517981e-12
87.4265764323   5.31742487122e-12
90.5096679919   5.06756515496e-12
93.7014845405   4.82590044211e-12
97.0058602567   4.59270585653e-12
100.426764531   4.36815290691e-12
103.968306734   4.15232406905e-12
107.634741152   3.94522615738e-12
111.430472102   3.74680243324e-12
115.360059214   3.55694344871e-12
119.428222917   3.37549666276e-12
123.639850102   3.20227489226e-12
128.0   3.03706367735e-12
132.513910252   2.87962764997e-12
137.187003205   2.72971599836e-12
142.024892425   2.58706712036e-12
147.03338944   2.45141255542e-12
152.21851072   2.32248028011e-12
157.586484908   2.19999744651e-12
163.143760297   2.08369263549e-12
168.897012579   1.97329769071e-12
174.853152865   1.86854919184e-12
181.019335984   1.76918961941e-12
187.402969081   1.67496825713e-12
194.011720513   1.58564187221e-12
200.853529062   1.50097520886e-12
207.936613467   1.42074132543e-12
215.269482305   1.3447218016e-12
222.860944204   1.27270683832e-12
230.720118428   1.20449526974e-12
238.856445833   1.13989450387e-12
247.279700205   1.07872040584e-12
256.0   1.0207971358e-12
265.027820503   9.6595695128e-13
274.374006409   9.14039982687e-13
284.049784849   8.64893988716e-13
294.066778879   8.1837409769e-13
304.437021441   7.743425396e-13
315.172969816   7.32668372848e-13
326.287520594   6.93227208959e-13
337.794025158   6.55900937892e-13
349.706305729   6.20577456086e-13
362.038671968   5.87150398923e-13
374.805938162   5.55518878936e-13
388.023441027   5.25587230768e-13
401.707058123   4.9726476366e-13
415.873226934   4.70465522006e-13
430.53896461   4.45108054343e-13
445.721888408   4.21115191039e-13
461.440236857   3.9841383075e-13
477.712891667   3.76934735708e-13
494.55940041   3.56612335746e-13
512.0   3.37384540972e-13
530.055641007   3.19192562903e-13
548.748012819   3.01980743872e-13
568.099569699   2.85696394464e-13
588.133557758   2.70289638739e-13
608.874042881   2.55713266964e-13
630.345939633   2.41922595596e-13
652.575041187   2.28875334214e-13
675.588050316   2.16531459132e-13
699.412611458   2.04853093407e-13
724.077343935   1.93804392961e-13
749.611876324   1.83351438544e-13
776.046882053   1.73462133269e-13
803.414116246   1.64106105469e-13
831.746453869   1.55254616595e-13
861.07792922   1.46880473952e-13
891.443776815   1.38957947993e-13
922.880473713   1.3146269398e-13
955.425783334   1.24371677773e-13
989.118800819   1.17663105543e-13
1024.0   1.11316357221e-13
1060.11128201   1.05311923469e-13
1097.49602564   9.96313460159e-14
1136.1991394   9.42571611645e-14
1176.26711552   8.91728463208e-14
1217.74808576   8.43627693736e-14
1260.69187927   7.98121407848e-14
1305.15008237   7.55069682434e-14
1351.17610063   7.14340137488e-14
1398.82522292   6.75807529965e-14
1448.15468787   6.3935336941e-14
1499.22375265   6.04865554241e-14
1552.09376411   5.72238027555e-14
1606.82823249   5.41370451434e-14
1663.49290774   5.12167898771e-14
1722.15585844   4.8454056165e-14
1782.88755363   4.58403475437e-14
1845.76094743   4.336762577e-14
1910.85156667   4.10282861198e-14
1978.23760164   3.88151340155e-14
2048.0   3.67213629138e-14
2120.22256403   3.47405333825e-14
2194.99205127   3.28665533063e-14
2272.39827879   3.10936591582e-14
2352.53423103   2.94163982796e-14
2435.49617153   2.7829612117e-14
2521.38375853   2.63284203604e-14
2610.30016475   2.49082059378e-14
2702.35220126   2.35646008183e-14
2797.65044583   2.22934725806e-14
2896.30937574   2.10909117056e-14
2998.4475053   1.99532195541e-14
3104.18752821   1.88768969929e-14
3213.65646499   1.78586336342e-14
3326.98581548   1.68952976551e-14
3444.31171688   1.59839261661e-14
3565.77510726   1.51217160997e-14
3691.52189485   1.4306015589e-14
3821.70313333   1.35343158126e-14
3956.47520328   1.28042432788e-14
4096.0   1.21135525256e-14
