#z=8.35
#nu (Ryd)        Jnu (10^-21 erg s^-1 cm^-2 Hz^-1 sr^-1)
0.5   21.8367069139
0.517632461921   21.8582861026
0.535886731268   21.884838192
0.554784736034   21.8935263169
0.574349177499   53.448981749
0.594603557501   21.6563585287
0.615572206672   21.4907224627
0.63728031366   21.2689233703
0.659753955386   20.9147302121
0.683020128377   20.5288545533
0.707106781187   20.024439381
0.732042847973   19.3615065533
0.757858283255   17.7479933183
0.784584097897   16.6300856816
0.812252396356   15.2768398897
0.840896415254   13.6515496738
0.870550563296   11.7143429933
0.901250462611   9.15595474834
0.933032991537   6.43324467335
0.965936328925   3.26461487776
1.0   0.0426294837102
1.03526492384   0.037713680801
1.07177346254   0.0346352924893
1.10956947207   0.0322798302514
1.148698355   0.0305051544734
1.189207115   0.0291913328628
1.23114441334   0.0282384932149
1.27456062732   0.0275645839611
1.31950791077   0.0271031318156
1.36604025675   0.0268010653203
1.41421356237   0.0266166539629
1.46408569595   0.0265175972755
1.51571656651   0.0264792877371
1.56916819579   0.0264832645688
1.62450479271   0.0265158706753
1.68179283051   0.0265671198808
1.74110112659   0.0266297746131
1.80250092522   0.027261477683
1.86606598307   0.0267699487744
1.93187265785   0.0268411246163
2.0   0.0269103584707
2.07052984768   0.0269764887596
2.14354692507   0.0270388344183
2.21913894414   0.0270970622921
2.29739670999   0.0271510618111
2.37841423001   0.0272008271296
2.46228882669   0.0272463559089
2.54912125464   0.0272875775189
2.63901582155   0.0273243208142
2.73208051351   0.0273563239895
2.82842712475   0.027383277597
2.92817139189   0.0274048748764
3.03143313302   0.0274202686947
3.13833639159   0.0274269344034
3.24900958542   0.0274120178306
3.36358566101   0.0273232039343
3.48220225318   0.0269783234672
3.60500185044   0.0255154605297
3.73213196615   0.0215622056169
3.8637453157   0.0113437285627
4.0   1.02559584151e-39
4.14105969537   7.88983831622e-39
4.28709385015   7.81506772178e-37
4.43827788827   6.24266739119e-35
4.59479341999   3.99348741008e-33
4.75682846001   2.0475625526e-31
4.92457765338   8.44901597245e-30
5.09824250928   2.8215783501e-28
5.27803164309   7.67504735875e-27
5.46416102702   1.71232134678e-25
5.65685424949   3.15629054516e-24
5.85634278378   4.84332330017e-23
6.06286626604   6.2352071559e-22
6.27667278317   6.78754601865e-21
6.49801917085   6.29740932703e-20
6.72717132203   5.01909003767e-19
6.96440450637   3.46337745266e-18
7.21000370089   2.08513876148e-17
7.46426393229   1.10359888604e-16
7.7274906314   5.17279965345e-16
8.0   2.16260490186e-15
8.28211939073   8.11998425952e-15
8.57418770029   2.75632375838e-14
8.87655577654   8.51231329982e-14
9.18958683998   2.40615506595e-13
9.51365692002   6.26101238588e-13
9.84915530676   1.50788497075e-12
10.1964850186   3.37852793659e-12
10.5560632862   7.07678896737e-12
10.928322054   1.3921822779e-11
11.313708499   2.58347769939e-11
11.7126855676   4.54113013293e-11
12.1257325321   7.59080236848e-11
12.5533455663   1.21117948609e-10
12.9960383417   1.85132473388e-10
13.4543426441   2.72014904564e-10
13.9288090127   3.85433139834e-10
14.4200074018   5.28310062141e-10
14.9285278646   7.02546181691e-10
15.4549812628   9.08852500539e-10
16.0   1.1467085136e-09
16.5642387815   1.41443759102e-09
17.1483754006   1.70937493711e-09
17.7531115531   2.02809428056e-09
18.37917368   2.36665816161e-09
19.02731384   2.72086121105e-09
19.6983106135   3.08644365397e-09
20.3929700371   3.45926113316e-09
21.1121265724   3.83540517871e-09
21.8566441081   4.21127529696e-09
22.627416998   4.58360835094e-09
23.4253711351   4.94947370515e-09
24.2514650642   5.30624379913e-09
25.1066911327   5.65154978847e-09
25.9920766834   5.98323104458e-09
26.9086852881   6.29928597743e-09
27.8576180255   6.59783009484e-09
28.8400148035   6.87706560438e-09
29.8570557292   7.13526528799e-09
30.9099625256   7.37077187065e-09
32.0   7.58201267249e-09
33.1284775629   7.76752799388e-09
34.2967508012   7.92601046986e-09
35.5062231062   8.05635161289e-09
36.7583473599   8.15769103152e-09
38.0546276801   8.22946346461e-09
39.396621227   8.27143888118e-09
40.7859400742   8.28375148803e-09
42.2242531447   8.26691451663e-09
43.7132882161   8.22181901218e-09
45.2548339959   8.14971634848e-09
46.8507422703   8.05218565162e-09
48.5029301283   7.93108855018e-09
50.2133822654   7.78851454924e-09
51.9841533668   7.62672078101e-09
53.8173705762   7.44806991995e-09
55.715236051   7.25496972435e-09
57.6800296071   7.04981707993e-09
59.7141114584   6.83494868413e-09
61.8199250512   6.61259973279e-09
64.0   6.38487123774e-09
66.2569551258   6.15370597681e-09
68.5935016023   5.92087258804e-09
71.0124462123   5.68795697713e-09
73.5166947198   5.45636000149e-09
76.1092553602   5.22730030667e-09
78.7932424541   5.00182119494e-09
81.5718801484   4.78080047646e-09
84.4485062895   4.56496236548e-09
87.4265764323   4.35489061901e-09
90.5096679919   4.15104225648e-09
93.7014845405   3.95376133601e-09
97.0058602567   3.76329238848e-09
100.426764531   3.57979322091e-09
103.968306734   3.40334689334e-09
107.634741152   3.23397275011e-09
111.430472102   3.07163644594e-09
115.360059214   2.91625895391e-09
119.428222917   2.76772457586e-09
123.639850102   2.62588799995e-09
128.0   2.49058046552e-09
132.513910252   2.36161510506e-09
137.187003205   2.23879153716e-09
142.024892425   2.12189978547e-09
147.03338944   2.01072359695e-09
152.21851072   1.90504322879e-09
157.586484908   1.80463776939e-09
163.143760297   1.70928705311e-09
168.897012579   1.61877322304e-09
174.853152865   1.53288199083e-09
181.019335984   1.4514036369e-09
187.402969081   1.37413378958e-09
194.011720513   1.30087401688e-09
200.853529062   1.23143226045e-09
207.936613467   1.16562313727e-09
215.269482305   1.10326813117e-09
222.860944204   1.04419569335e-09
230.720118428   9.88241267996e-10
238.856445833   9.35247257185e-10
247.279700205   8.85062936682e-10
256.0   8.37544332792e-10
265.027820503   7.92554068686e-10
274.374006409   7.49961187315e-10
284.049784849   7.09640956858e-10
294.066778879   6.71474663667e-10
304.437021441   6.35349396813e-10
315.172969816   6.01157827617e-10
326.287520594   5.68797986941e-10
337.794025158   5.38173042498e-10
349.706305729   5.09191077981e-10
362.038671968   4.81764875482e-10
374.805938162   4.55811702315e-10
388.023441027   4.31253103137e-10
401.707058123   4.08014698029e-10
415.873226934   3.86025987013e-10
430.53896461   3.65220161347e-10
445.721888408   3.45533921808e-10
461.440236857   3.26907304087e-10
477.712891667   3.0928351131e-10
494.55940041   2.92608753672e-10
512.0   2.76832095084e-10
530.055641007   2.61905306718e-10
548.748012819   2.47782727284e-10
568.099569699   2.34421129863e-10
588.133557758   2.21779595084e-10
608.874042881   2.09819390451e-10
630.345939633   1.98503855575e-10
652.575041187   1.87798293105e-10
675.588050316   1.77669865115e-10
699.412611458   1.68087494721e-10
724.077343935   1.59021772713e-10
749.611876324   1.50444868958e-10
776.046882053   1.42330448378e-10
803.414116246   1.34653591271e-10
831.746453869   1.27390717782e-10
861.07792922   1.2051951632e-10
891.443776815   1.14018875727e-10
922.880473713   1.0786882101e-10
955.425783334   1.02050452473e-10
989.118800819   9.6545888056e-11
1024.0   9.13382087356e-11
1060.11128201   8.64114068251e-11
1097.49602564   8.17503370217e-11
1136.1991394   7.7340670063e-11
1176.26711552   7.31688488552e-11
1217.74808576   6.92220469453e-11
1260.69187927   6.54881292127e-11
1305.15008237   6.19556146659e-11
1351.17610063   5.86136412307e-11
1398.82522292   5.54519324273e-11
1448.15468787   5.24607658344e-11
1499.22375265   4.96309432462e-11
1552.09376411   4.69537624321e-11
1606.82823249   4.44209904144e-11
1663.49290774   4.20248381817e-11
1722.15585844   3.97579367626e-11
1782.88755363   3.76133145865e-11
1845.76094743   3.55843760624e-11
1910.85156667   3.36648813113e-11
1978.23760164   3.18489269889e-11
2048.0   3.01309281419e-11
2120.22256403   2.85056010407e-11
2194.99205127   2.69679469378e-11
2272.39827879   2.55132367002e-11
2352.53423103   2.4136996271e-11
2435.49617153   2.28349929136e-11
2521.38375853   2.16032221975e-11
2610.30016475   2.04378956862e-11
2702.35220126   1.93354292878e-11
2797.65044583   1.82924322346e-11
2896.30937574   1.7305696656e-11
2998.4475053   1.63721877143e-11
3104.18752821   1.54890342716e-11
3213.65646499   1.46535200612e-11
3326.98581548   1.38630753336e-11
3444.31171688   1.3115268954e-11
3565.77510726   1.24078009257e-11
3691.52189485   1.17384953167e-11
3821.70313333   1.11052935677e-11
3956.47520328   1.0506248161e-11
4096.0   9.93951663125e-12
