#z=10.4
#nu (Ryd)        Jnu (10^-21 erg s^-1 cm^-2 Hz^-1 sr^-1)
0.5   0.656989211304
0.517632461921   0.658594477552
0.535886731268   0.659185818561
0.554784736034   0.660034901609
0.574349177499   0.661141135488
0.594603557501   0.662588088606
0.615572206672   0.664383166284
0.63728031366   0.66661456117
0.659753955386   0.669349971849
0.683020128377   0.669005717766
0.707106781187   0.828317692293
0.732042847973   0.645793662431
0.757858283255   0.59866573491
0.784584097897   0.569579582065
0.812252396356   0.527445505993
0.840896415254   0.47911588083
0.870550563296   0.418525533955
0.901250462611   0.343270014625
0.933032991537   0.250627079276
0.965936328925   0.137553322022
1.0   0.000854832903028
1.03526492384   0.000772322916573
1.07177346254   0.000717832503752
1.10956947207   0.000676516979905
1.148698355   0.000645930227019
1.189207115   0.00062396089117
1.23114441334   0.000608813761752
1.27456062732   0.00059898546278
1.31950791077   0.000593236485589
1.36604025675   0.000590561249449
1.41421356237   0.000590157530114
1.46408569595   0.000591396309991
1.51571656651   0.000593792903627
1.56916819579   0.000596980085563
1.62450479271   0.000600683853082
1.68179283051   0.000604702343962
1.74110112659   0.000608888260244
1.80250092522   0.000620533915084
1.86606598307   0.000617365698815
1.93187265785   0.000621526596288
2.0   0.000625580925994
2.07052984768   0.000629505672966
2.14354692507   0.000633288591831
2.21913894414   0.000636925558403
2.29739670999   0.000640417883899
2.37841423001   0.000643769599934
2.46228882669   0.000646984956742
2.54912125464   0.00065006649326
2.63901582155   0.00065301400389
2.73208051351   0.000655824553761
2.82842712475   0.000658493437912
2.92817139189   0.000661015728651
3.03143313302   0.000663387848269
3.13833639159   0.000665608472523
3.24900958542   0.000667672368875
3.36358566101   0.000669513436085
3.48220225318   0.00067054566801
3.60500185044   0.000666868728806
3.73213196615   0.000637720084587
3.8637453157   0.000492774134926
4.0   2.10425811836e-54
4.14105969537   2.20931037434e-52
4.28709385015   1.21426625576e-49
4.43827788827   4.78658779223e-47
4.59479341999   1.35328994888e-44
4.75682846001   2.76402435295e-42
4.92457765338   4.1199577746e-40
5.09824250928   4.5331915979e-38
5.27803164309   3.72644501729e-36
5.46416102702   2.31694867091e-34
5.65685424949   1.10328062571e-32
5.85634278378   4.07416794967e-31
6.06286626604   1.18138566468e-29
6.27667278317   2.72338369151e-28
6.49801917085   5.05211546338e-27
6.72717132203   7.63237128322e-26
6.96440450637   9.49969076362e-25
7.21000370089   9.85170891459e-24
7.46426393229   8.60563239148e-23
7.7274906314   6.39815381523e-22
8.0   4.08943450905e-21
8.28211939073   2.26852215084e-20
8.57418770029   1.10210971232e-19
8.87655577654   4.72974017079e-19
9.18958683998   1.80763623145e-18
9.51365692002   6.19990808748e-18
9.84915530676   1.92227503952e-17
10.1964850186   5.42478727998e-17
10.5560632862   1.40249763144e-16
10.928322054   3.34220437609e-16
11.313708499   7.38393490327e-16
11.7126855676   1.52069470283e-15
12.1257325321   2.93455960804e-15
12.5533455663   5.33235337403e-15
12.9960383417   9.16615685476e-15
13.4543426441   1.49713463206e-14
13.9288090127   2.33320456873e-14
14.4200074018   3.48320893528e-14
14.9285278646   4.99990250176e-14
15.4549812628   6.9250562569e-14
16.0   9.28522129047e-14
16.5642387815   1.20892097193e-13
17.1483754006   1.5327511793e-13
17.7531115531   1.89735048053e-13
18.37917368   2.29860461112e-13
19.02731384   2.7312913477e-13
19.6983106135   3.18945511352e-13
20.3929700371   3.66676638093e-13
21.1121265724   4.15683314266e-13
21.8566441081   4.65344579052e-13
22.627416998   5.15074931964e-13
23.4253711351   5.64334652558e-13
24.2514650642   6.12634237232e-13
25.1066911327   6.5953432012e-13
25.9920766834   7.04642548313e-13
26.9086852881   7.47608805964e-13
27.8576180255   7.88119990898e-13
28.8400148035   8.25895293326e-13
29.8570557292   8.60682647437e-13
30.9099625256   8.92256748852e-13
32.0   9.20418770866e-13
33.1284775629   9.44997681106e-13
34.2967508012   9.65852866706e-13
35.5062231062   9.82877628413e-13
36.7583473599   9.96003009968e-13
38.0546276801   1.00520139469e-12
39.396621227   1.0104893285e-12
40.7859400742   1.01192911392e-12
42.2242531447   1.00962885229e-12
43.7132882161   1.00374077446e-12
45.2548339959   9.9445787257e-13
46.8507422703   9.82009005609e-13
48.5029301283   9.66652780089e-13
50.2133822654   9.48670593074e-13
51.9841533668   9.28359261456e-13
53.8173705762   9.06023652566e-13
55.715236051   8.81969684444e-13
57.6800296071   8.56497991448e-13
59.7141114584   8.29898464944e-13
61.8199250512   8.02445791191e-13
64.0   7.74396028193e-13
66.2569551258   7.45984196339e-13
68.5935016023   7.17422806808e-13
71.0124462123   6.88901217676e-13
73.5166947198   6.60585688685e-13
76.1092553602   6.32619999542e-13
78.7932424541   6.05126500149e-13
81.5718801484   5.78207471579e-13
84.4485062895   5.51946691136e-13
87.4265764323   5.26411111305e-13
90.5096679919   5.01652579294e-13
93.7014845405   4.77709539786e-13
97.0058602567   4.54608678054e-13
100.426764531   4.32366473074e-13
103.968306734   4.10990640764e-13
107.634741152   3.90481455963e-13
111.430472102   3.70832948393e-13
115.360059214   3.52033972863e-13
119.428222917   3.3406915762e-13
123.639850102   3.16919737251e-13
128.0   3.00564278147e-13
132.513910252   2.8497930543e-13
137.187003205   2.70139840595e-13
142.024892425   2.56019859097e-13
147.03338944   2.42592676786e-13
152.21851072   2.29831273631e-13
157.586484908   2.1770856253e-13
163.143760297   2.0619761037e-13
168.897012579   1.95271817806e-13
174.853152865   1.84905063552e-13
181.019335984   1.75071818332e-13
187.402969081   1.65747233029e-13
194.011720513   1.56907205015e-13
200.853529062   1.4852842612e-13
207.936613467   1.4058841525e-13
215.269482305   1.33065538256e-13
222.860944204   1.25939017265e-13
230.720118428   1.19188931394e-13
238.856445833   1.1279621047e-13
247.279700205   1.06742623137e-13
256.0   1.01010760511e-13
265.027820503   9.55840163837e-14
274.374006409   9.04465647817e-14
284.049784849   8.55833355864e-14
294.066778879   8.09799887818e-14
304.437021441   7.6622887807e-14
315.172969816   7.24990724052e-14
326.287520594   6.85962312869e-14
337.794025158   6.49026748693e-14
349.706305729   6.14073082962e-14
362.038671968   5.80996049075e-14
374.805938162   5.49695802843e-14
388.023441027   5.20077669714e-14
401.707058123   4.92051899497e-14
415.873226934   4.65533429125e-14
430.53896461   4.40441653827e-14
445.721888408   4.16700206918e-14
461.440236857   3.94236748327e-14
477.712891667   3.72982761867e-14
494.55940041   3.52873361198e-14
512.0   3.33847104346e-14
530.055641007   3.15845816627e-14
548.748012819   2.98814421761e-14
568.099569699   2.82700780948e-14
588.133557758   2.67455539659e-14
608.874042881   2.53031981869e-14
630.345939633   2.3938589146e-14
652.575041187   2.26475420523e-14
675.588050316   2.14260964265e-14
699.412611458   2.02705042253e-14
724.077343935   1.91772185706e-14
749.611876324   1.81428830579e-14
776.046882053   1.71643216158e-14
803.414116246   1.62385288918e-14
831.746453869   1.53626611385e-14
861.07792922   1.45340275772e-14
891.443776815   1.37500822135e-14
922.880473713   1.30084160851e-14
955.425783334   1.23067499177e-14
989.118800819   1.16429271701e-14
1024.0   1.10149074479e-14
1060.11128201   1.04207602667e-14
1097.49602564   9.85865914804e-15
1136.1991394   9.32687602918e-15
1176.26711552   8.82377597161e-15
1217.74808576   8.3478121522e-15
1260.69187927   7.89752112228e-15
1305.15008237   7.47151832045e-15
1351.17610063   7.06849382586e-15
1398.82522292   6.68720833926e-15
1448.15468787   6.32648937956e-15
1499.22375265   5.98522768472e-15
1552.09376411   5.66237380588e-15
1606.82823249   5.35693488453e-15
1663.49290774   5.06797160303e-15
1722.15585844   4.794595299e-15
1782.88755363   4.5359652351e-15
1845.76094743   4.29128601563e-15
1910.85156667   4.05980514226e-15
1978.23760164   3.84081070132e-15
2048.0   3.6336291757e-15
2120.22256403   3.43762337451e-15
2194.99205127   3.25219047437e-15
2272.39827879   3.07676016619e-15
2352.53423103   2.9107929018e-15
2435.49617153   2.75377823511e-15
2521.38375853   2.60523325266e-15
2610.30016475   2.46470108876e-15
2702.35220126   2.3317495207e-15
2797.65044583   2.20596963967e-15
2896.30937574   2.08697459332e-15
2998.4475053   1.97439839622e-15
3104.18752821   1.8678948043e-15
3213.65646499   1.76713625012e-15
3326.98581548   1.67181283548e-15
3444.31171688   1.58163137841e-15
3565.77510726   1.4963145115e-15
3691.52189485   1.41559982888e-15
3821.70313333   1.33923907923e-15
3956.47520328   1.26699740228e-15
4096.0   1.19865260648e-15
