#z=2.15
#nu (Ryd)        Jnu (10^-21 erg s^-1 cm^-2 Hz^-1 sr^-1)
0.5   13.0815455553
0.517632461921   12.530647785
0.535886731268   12.0303505781
0.554784736034   11.5093878984
0.574349177499   10.9692903723
0.594603557501   10.4077717387
0.615572206672   9.83319990077
0.63728031366   9.24344635441
0.659753955386   8.63939051577
0.683020128377   8.0203629695
0.707106781187   7.39003148608
0.732042847973   6.64774347372
0.757858283255   5.77749433419
0.784584097897   5.11188322759
0.812252396356   4.43809782069
0.840896415254   3.75061784457
0.870550563296   3.06184174112
0.901250462611   2.36812805937
0.933032991537   1.67031631285
0.965936328925   0.969003985955
1.0   0.207559547854
1.03526492384   0.192035889647
1.07177346254   0.17980033208
1.10956947207   0.169798883866
1.148698355   0.16153044753
1.189207115   0.154594921743
1.23114441334   0.148676842611
1.27456062732   0.143530674803
1.31950791077   0.138967815148
1.36604025675   0.134845307333
1.41421356237   0.131056237947
1.46408569595   0.127521689675
1.51571656651   0.124184320247
1.56916819579   0.121004381732
1.62450479271   0.117957995748
1.68179283051   0.115035257194
1.74110112659   0.112230696833
1.80250092522   0.109762096624
1.86606598307   0.10699248554
1.93187265785   0.104587894025
2.0   0.102417227381
2.07052984768   0.100371671331
2.14354692507   0.0985534573678
2.21913894414   0.0969440969026
2.29739670999   0.0955371400079
2.37841423001   0.0942809893974
2.46228882669   0.0931585095894
2.54912125464   0.0920839898424
2.63901582155   0.0909646890911
2.73208051351   0.0898988240579
2.82842712475   0.0883208155041
2.92817139189   0.086195834455
3.03143313302   0.0596374925053
3.13833639159   0.0545058353001
3.24900958542   0.0490147903316
3.36358566101   0.0426855282135
3.48220225318   0.036404740536
3.60500185044   0.0298055072367
3.73213196615   0.0229119518646
3.8637453157   0.0157675439404
4.0   0.00807991785653
4.14105969537   0.00600464011714
4.28709385015   0.00524973069015
4.43827788827   0.00492278168239
4.59479341999   0.00473173768372
4.75682846001   0.00458304501568
4.92457765338   0.00444797934832
5.09824250928   0.0043181136271
5.27803164309   0.00419112742391
5.46416102702   0.00406648391594
5.65685424949   0.00394416683437
5.85634278378   0.00382432003046
6.06286626604   0.00370714031136
6.27667278317   0.00359283928304
6.49801917085   0.00348162564082
6.72717132203   0.00337369612509
6.96440450637   0.00326923200235
7.21000370089   0.00316839922172
7.46426393229   0.00307135022039
7.7274906314   0.00297822530135
8.0   0.00288915191132
8.28211939073   0.00280424091851
8.57418770029   0.00272357989701
8.87655577654   0.00264722422452
9.18958683998   0.00257518731717
9.51365692002   0.00250743149
9.84915530676   0.00244386078049
10.1964850186   0.00238431670818
10.5560632862   0.00232857749203
10.928322054   0.0022763608138
11.313708499   0.00222732986752
11.7126855676   0.00218110219533
12.1257325321   0.0021372606732
12.5533455663   0.00209536595527
12.9960383417   0.0020549696895
13.4543426441   0.00201562785707
13.9288090127   0.0019769136479
14.4200074018   0.00193842935182
14.9285278646   0.00189981681394
15.4549812628   0.00186076607398
16.0   0.00182102188731
16.5642387815   0.00178038791677
17.1483754006   0.00173872849461
17.7531115531   0.00169596798108
18.37917368   0.0016520878837
19.02731384   0.00160712203384
19.6983106135   0.00156115022673
20.3929700371   0.00151429080154
21.1121265724   0.00146669265942
21.8566441081   0.00141852719003
22.627416998   0.00136998051018
23.4253711351   0.00132124632667
24.2514650642   0.00127251963601
25.1066911327   0.00122399137954
25.9920766834   0.00117584409327
26.9086852881   0.00112824853027
27.8576180255   0.0010813611913
28.8400148035   0.00103532267225
29.8570557292   0.000990256723418
30.9099625256   0.000946269910517
32.0   0.000903451769238
33.1284775629   0.000861875351122
34.2967508012   0.00082159806707
35.5062231062   0.000782662745118
36.7583473599   0.000745098830059
38.0546276801   0.000708923663607
39.396621227   0.000674143794643
40.7859400742   0.000640756279224
42.2242531447   0.000608749939344
43.7132882161   0.000578106557581
45.2548339959   0.000548801991913
46.8507422703   0.000520807200854
48.5029301283   0.000494089173934
50.2133822654   0.000468611766339
51.9841533668   0.000444336439451
53.8173705762   0.000421222911147
55.715236051   0.000399229721186
57.6800296071   0.000378314717947
59.7141114584   0.000358435473275
61.8199250512   0.000339549632363
64.0   0.000321615205528
66.2569551258   0.000304590808487
68.5935016023   0.00028843585734
71.0124462123   0.000273110724075
73.5166947198   0.000258576857848
76.1092553602   0.000244796876865
78.7932424541   0.000231734635145
81.5718801484   0.000219355267981
84.4485062895   0.000207625219488
87.4265764323   0.000196512255177
90.5096679919   0.000185985462131
93.7014845405   0.000176015239032
97.0058602567   0.000166573277938
100.426764531   0.00015763253947
103.968306734   0.000149167222829
107.634741152   0.000141152731802
111.430472102   0.00013356563781
115.360059214   0.000126383640805
119.428222917   0.000119585528756
123.639850102   0.00011315113629
128.0   0.000107061302987
132.513910252   0.000101297831712
137.187003205   9.58434473258e-05
142.024892425   9.06817560108e-05
147.03338944   8.5797205428e-05
152.21851072   8.11750458622e-05
157.586484908   7.68012924728e-05
163.143760297   7.26626887407e-05
168.897012579   6.87466711719e-05
174.853152865   6.50413352979e-05
181.019335984   6.15354029946e-05
187.402969081   5.82181911262e-05
194.011720513   5.50795815091e-05
200.853529062   5.21099921815e-05
207.936613467   4.93003499543e-05
215.269482305   4.66420642177e-05
222.860944204   4.41270019674e-05
230.720118428   4.17474640162e-05
238.856445833   3.949616235e-05
247.279700205   3.73661985899e-05
256.0   3.53510435158e-05
265.027820503   3.3444517612e-05
274.374006409   3.16407725908e-05
284.049784849   2.99342738528e-05
294.066778879   2.83197838432e-05
304.437021441   2.67923462622e-05
315.172969816   2.53472710916e-05
326.287520594   2.39801203979e-05
337.794025158   2.26866948753e-05
349.706305729   2.14630210932e-05
362.038671968   2.03053394123e-05
374.805938162   1.92100925375e-05
388.023441027   1.81739146749e-05
401.707058123   1.71936212618e-05
415.873226934   1.62661992426e-05
430.53896461   1.53887978601e-05
445.721888408   1.45587199371e-05
461.440236857   1.37734136232e-05
477.712891667   1.30304645809e-05
494.55940041   1.23275885901e-05
512.0   1.16626245475e-05
530.055641007   1.10335278414e-05
548.748012819   1.04383640804e-05
568.099569699   9.8753031595e-06
588.133557758   9.34261364361e-06
608.874042881   8.83865745319e-06
630.345939633   8.36188483496e-06
652.575041187   7.91082960299e-06
675.588050316   7.48410463561e-06
699.412611458   7.0803976145e-06
724.077343935   6.69846699293e-06
749.611876324   6.33713818105e-06
776.046882053   5.99529993643e-06
803.414116246   5.67190094896e-06
831.746453869   5.36594660965e-06
861.07792922   5.07649595348e-06
891.443776815   4.80265876691e-06
922.880473713   4.54359285121e-06
955.425783334   4.29850143332e-06
989.118800819   4.06663071618e-06
1024.0   3.84726756109e-06
1060.11128201   3.63973729505e-06
1097.49602564   3.44340163624e-06
1136.1991394   3.25765673131e-06
1176.26711552   3.08193129862e-06
1217.74808576   2.91568487142e-06
1260.69187927   2.75840613588e-06
1305.15008237   2.60961135869e-06
1351.17610063   2.46884289942e-06
1398.82522292   2.33566780319e-06
1448.15468787   2.20967646914e-06
1499.22375265   2.09048139078e-06
1552.09376411   1.9777159642e-06
1606.82823249   1.87103336065e-06
1663.49290774   1.77010545986e-06
1722.15585844   1.67462184088e-06
1782.88755363   1.58428882739e-06
1845.76094743   1.49882858453e-06
1910.85156667   1.41797826431e-06
1978.23760164   1.34148919731e-06
2048.0   1.26912612778e-06
2120.22256403   1.20066649017e-06
2194.99205127   1.13589972454e-06
2272.39827879   1.07462662901e-06
2352.53423103   1.01665874705e-06
2435.49617153   9.61817787891e-07
2521.38375853   9.0993507814e-07
2610.30016475   8.60851043023e-07
2702.35220126   8.14414715575e-07
2797.65044583   7.70483272325e-07
2896.30937574   7.28921594017e-07
2998.4475053   6.89601850034e-07
3104.18752821   6.52403105226e-07
3213.65646499   6.17210947962e-07
3326.98581548   5.83917138235e-07
3444.31171688   5.52419274749e-07
3565.77510726   5.22620479972e-07
3691.52189485   4.94429102166e-07
3821.70313333   4.677584335e-07
3956.47520328   4.42526443364e-07
4096.0   4.18655526068e-07
