#z=4.55
#nu (Ryd)        Jnu (10^-21 erg s^-1 cm^-2 Hz^-1 sr^-1)
0.5   32.3796646037
0.517632461921   31.9693636798
0.535886731268   31.4607091341
0.554784736034   30.9105735862
0.574349177499   30.2658591601
0.594603557501   29.5160091494
0.615572206672   28.6513949003
0.63728031366   27.6626042426
0.659753955386   26.5411767532
0.683020128377   25.2799116077
0.707106781187   23.8721623861
0.732042847973   22.1195506273
0.757858283255   19.6834445077
0.784584097897   17.7540151904
0.812252396356   15.6725327366
0.840896415254   13.4408609926
0.870550563296   11.064370316
0.901250462611   8.55018085463
0.933032991537   5.90643758013
0.965936328925   3.14194419079
1.0   0.131250096073
1.03526492384   0.117234572492
1.07177346254   0.107843903164
1.10956947207   0.100607876057
1.148698355   0.0950694481008
1.189207115   0.0908529130876
1.23114441334   0.0876532383446
1.27456062732   0.0852259524992
1.31950791077   0.0833777500733
1.36604025675   0.0819579186518
1.41421356237   0.0808506466141
1.46408569595   0.0799682355531
1.51571656651   0.0792452188741
1.56916819579   0.0786333713872
1.62450479271   0.0780975784678
1.68179283051   0.0776125139715
1.74110112659   0.0771600532301
1.80250092522   0.0778937299079
1.86606598307   0.0763052807791
1.93187265785   0.0758876760084
2.0   0.075470314838
2.07052984768   0.0750504884919
2.14354692507   0.0746265067763
2.21913894414   0.0741973285233
2.29739670999   0.0737622131581
2.37841423001   0.0733206151462
2.46228882669   0.0728728876182
2.54912125464   0.072424396085
2.63901582155   0.0720005213327
2.73208051351   0.0718089249513
2.82842712475   0.0723206259115
2.92817139189   0.0744925847462
3.03143313302   0.067816156981
3.13833639159   0.0655531045952
3.24900958542   0.0622398087286
3.36358566101   0.0574729886924
3.48220225318   0.0507869461188
3.60500185044   0.0416818485383
3.73213196615   0.0297503465234
3.8637453157   0.0148923869737
4.0   0.000117485164247
4.14105969537   8.29548584576e-05
4.28709385015   7.33169829914e-05
4.43827788827   7.09436692702e-05
4.59479341999   7.09870454223e-05
4.75682846001   7.17586295058e-05
4.92457765338   7.26977125592e-05
5.09824250928   7.36285314202e-05
5.27803164309   7.45010531134e-05
5.46416102702   7.53047266234e-05
5.65685424949   7.60411283707e-05
5.85634278378   7.67156731615e-05
6.06286626604   7.73351847872e-05
6.27667278317   7.79071742041e-05
6.49801917085   7.84395906323e-05
6.72717132203   7.89407005797e-05
6.96440450637   7.94190054141e-05
7.21000370089   7.98831755011e-05
7.46426393229   8.03419928785e-05
7.7274906314   8.08042941544e-05
8.0   8.12789026972e-05
8.28211939073   8.17745384579e-05
8.57418770029   8.22996964374e-05
8.87655577654   8.28624906423e-05
9.18958683998   8.34704678315e-05
9.51365692002   8.41304023158e-05
9.84915530676   8.48480876472e-05
10.1964850186   8.56281422106e-05
10.5560632862   8.64738435766e-05
10.928322054   8.73870019394e-05
11.313708499   8.83678773736e-05
11.7126855676   8.94151402333e-05
12.1257325321   9.05258696244e-05
12.5533455663   9.16955818819e-05
12.9960383417   9.29182794502e-05
13.4543426441   9.41865104425e-05
13.9288090127   9.54914303699e-05
14.4200074018   9.68228600109e-05
14.9285278646   9.81693369999e-05
15.4549812628   9.95181631221e-05
16.0   0.000100855453955
16.5642387815   0.000102166201545
17.1483754006   0.000103434363284
17.7531115531   0.000104642990239
18.37917368   0.000105774405574
19.02731384   0.000106810438789
19.6983106135   0.000107732715381
20.3929700371   0.000108522995537
21.1121265724   0.000109163550647
21.8566441081   0.0001096375634
22.627416998   0.000109929535794
23.4253711351   0.000110025689107
24.2514650642   0.000109914340219
25.1066911327   0.000109586239178
25.9920766834   0.000109034853658
26.9086852881   0.000108256587068
27.8576180255   0.000107250918882
28.8400148035   0.000106020458441
29.8570557292   0.000104570907205
30.9099625256   0.000102910928803
32.0   0.000101051931169
33.1284775629   9.9007769849e-05
34.2967508012   9.67943858957e-05
35.5062231062   9.44293951388e-05
36.7583473599   9.19316477233e-05
38.0546276801   8.93207775159e-05
39.396621227   8.66167602607e-05
40.7859400742   8.38394974108e-05
42.2242531447   8.10084396152e-05
43.7132882161   7.81422602822e-05
45.2548339959   7.52585858154e-05
46.8507422703   7.23737854008e-05
48.5029301283   6.95028198792e-05
50.2133822654   6.6659146478e-05
51.9841533668   6.38546740987e-05
53.8173705762   6.10997624893e-05
55.715236051   5.84032579143e-05
57.6800296071   5.5772557788e-05
59.7141114584   5.32136970269e-05
61.8199250512   5.07314494876e-05
64.0   4.83294386615e-05
66.2569551258   4.60102527065e-05
68.5935016023   4.37755598129e-05
71.0124462123   4.16262207876e-05
73.5166947198   3.95623965359e-05
76.1092553602   3.75836488244e-05
78.7932424541   3.56890332939e-05
81.5718801484   3.38771841736e-05
84.4485062895   3.2146390523e-05
87.4265764323   3.04946641155e-05
90.5096679919   2.89197992848e-05
93.7014845405   2.74194251972e-05
97.0058602567   2.59910511032e-05
100.426764531   2.46321051703e-05
103.968306734   2.33399675139e-05
107.634741152   2.21119980369e-05
111.430472102   2.09455596686e-05
115.360059214   1.98380375537e-05
119.428222917   1.87868547065e-05
123.639850102   1.77894845998e-05
128.0   1.68434611108e-05
132.513910252   1.5946386205e-05
137.187003205   1.50959356942e-05
142.024892425   1.42898633662e-05
147.03338944   1.35260037454e-05
152.21851072   1.28022737117e-05
157.586484908   1.21166731727e-05
163.143760297   1.14672849592e-05
168.897012579   1.08522740888e-05
174.853152865   1.02698865202e-05
181.019335984   9.71844750591e-06
187.402969081   9.19635963001e-06
194.011720513   8.70210060745e-06
200.853529062   8.23422090771e-06
207.936613467   7.79134125512e-06
215.269482305   7.37215004973e-06
222.860944204   6.97540074457e-06
230.720118428   6.59990920886e-06
238.856445833   6.24455110114e-06
247.279700205   5.90825927163e-06
256.0   5.59002120897e-06
265.027820503   5.28887654366e-06
274.374006409   5.00391461711e-06
284.049784849   4.73427212339e-06
294.066778879   4.47913082858e-06
304.437021441   4.23771537108e-06
315.172969816   4.00929114495e-06
326.287520594   3.79316226722e-06
337.794025158   3.5886696293e-06
349.706305729   3.3951890318e-06
362.038671968   3.21212940166e-06
374.805938162   3.03893109e-06
388.023441027   2.87506424853e-06
401.707058123   2.72002728256e-06
415.873226934   2.57334537803e-06
430.53896461   2.43456910006e-06
445.721888408   2.30327306036e-06
461.440236857   2.1790546509e-06
477.712891667   2.06153284105e-06
494.55940041   1.95034703562e-06
512.0   1.845155991e-06
530.055641007   1.74563678693e-06
548.748012819   1.65148385128e-06
568.099569699   1.56240803539e-06
588.133557758   1.47813573751e-06
608.874042881   1.39840807209e-06
630.345939633   1.32298008265e-06
652.575041187   1.25161999602e-06
675.588050316   1.18410851595e-06
699.412611458   1.12023815412e-06
724.077343935   1.05981259652e-06
749.611876324   1.00264610354e-06
776.046882053   9.48562942e-07
803.414116246   8.9739684734e-07
831.746453869   8.48990514611e-07
861.07792922   8.03195116591e-07
891.443776815   7.59869847689e-07
922.880473713   7.18881492261e-07
955.425783334   6.80104016045e-07
989.118800819   6.43418179509e-07
1024.0   6.08711171936e-07
1060.11128201   5.75876265148e-07
1097.49602564   5.44812485838e-07
1136.1991394   5.15424305496e-07
1176.26711552   4.87621347018e-07
1217.74808576   4.61318107079e-07
1260.69187927   4.36433693452e-07
1305.15008237   4.12891576453e-07
1351.17610063   3.90619353773e-07
1398.82522292   3.69548527965e-07
1448.15468787   3.49614295918e-07
1499.22375265   3.30755349664e-07
1552.09376411   3.12913687925e-07
1606.82823249   2.96034437799e-07
1663.49290774   2.80065686073e-07
1722.15585844   2.64958319606e-07
1782.88755363   2.50665874333e-07
1845.76094743   2.37144392398e-07
1910.85156667   2.2435228699e-07
1978.23760164   2.12250214464e-07
2048.0   2.00800953364e-07
2120.22256403   1.8996928996e-07
2194.99205127   1.79721909961e-07
2272.39827879   1.70027296066e-07
2352.53423103   1.60855631041e-07
2435.49617153   1.52178706018e-07
2521.38375853   1.4396983375e-07
2610.30016475   1.36203766528e-07
2702.35220126   1.28856618541e-07
2797.65044583   1.21905792414e-07
2896.30937574   1.15329909706e-07
2998.4475053   1.09108745168e-07
3104.18752821   1.03223164533e-07
3213.65646499   9.76550656731e-08
3326.98581548   9.23873229207e-08
3444.31171688   8.74037344005e-08
3565.77510726   8.26889721978e-08
3691.52189485   7.82285352166e-08
3821.70313333   7.40087045794e-08
3956.47520328   7.00165014336e-08
4096.0   6.62396470333e-08
