#z=0.0
#nu (Ryd)        Jnu (10^-21 erg s^-1 cm^-2 Hz^-1 sr^-1)
0.5   0.480454636025
0.517632461921   0.453107328095
0.535886731268   0.429579726865
0.554784736034   0.406151296596
0.574349177499   0.382822307223
0.594603557501   0.359591360098
0.615572206672   0.33645532539
0.63728031366   0.313410138648
0.659753955386   0.2904500619
0.683020128377   0.267519396417
0.707106781187   0.24471204147
0.732042847973   0.218313905748
0.757858283255   0.19346879962
0.784584097897   0.170922392755
0.812252396356   0.148406379971
0.840896415254   0.125911718095
0.870550563296   0.103429189449
0.901250462611   0.080952645468
0.933032991537   0.0584750910059
0.965936328925   0.0359875527318
1.0   0.0118450618229
1.03526492384   0.011175005641
1.07177346254   0.0107758361273
1.10956947207   0.010416892285
1.148698355   0.0100821219289
1.189207115   0.00976200567123
1.23114441334   0.00945872052251
1.27456062732   0.00916154835177
1.31950791077   0.00886357658835
1.36604025675   0.00856259873784
1.41421356237   0.00825227775535
1.46408569595   0.00794212432679
1.51571656651   0.00761901272227
1.56916819579   0.00730081278898
1.62450479271   0.00698036344591
1.68179283051   0.00665827213432
1.74110112659   0.00633485813697
1.80250092522   0.00598642492717
1.86606598307   0.00568907113357
1.93187265785   0.00536946377963
2.0   0.00504769212966
2.07052984768   0.00472426812517
2.14354692507   0.00441892456015
2.21913894414   0.00412032911995
2.29739670999   0.00382910130589
2.37841423001   0.00354572358618
2.46228882669   0.0032705400992
2.54912125464   0.00300378503025
2.63901582155   0.00274558128191
2.73208051351   0.00249211290989
2.82842712475   0.00225127855614
2.92817139189   0.00200104440684
3.03143313302   0.00162540275201
3.13833639159   0.00141662396158
3.24900958542   0.00121512632279
3.36358566101   0.00102067459582
3.48220225318   0.000833023359105
3.60500185044   0.000651922733526
3.73213196615   0.000477122707392
3.8637453157   0.000308374577678
4.0   0.000137815020293
4.14105969537   0.000113045944623
4.28709385015   0.000106257547536
4.43827788827   0.000103648334041
4.59479341999   0.000102389612923
4.75682846001   0.000101600542441
4.92457765338   0.000101023507825
5.09824250928   0.000100591659715
5.27803164309   0.000100293424561
5.46416102702   0.000100131551958
5.65685424949   0.000100110892931
5.85634278378   0.000100234508975
6.06286626604   0.000100502110288
6.27667278317   0.000100909174109
6.49801917085   0.000101446346687
6.72717132203   0.00010209907284
6.96440450637   0.000102847479162
7.21000370089   0.000103666545773
7.46426393229   0.00010452658731
7.7274906314   0.000105394040592
8.0   0.000106232529473
8.28211939073   0.000107004150843
8.57418770029   0.000107670903025
8.87655577654   0.000108196162475
9.18958683998   0.000108546108906
9.51365692002   0.000108691003744
9.84915530676   0.000108606241351
10.1964850186   0.000108273114624
10.5560632862   0.000107679263045
10.928322054   0.000106818798615
11.313708499   0.000105692129925
11.7126855676   0.000104305524657
12.1257325321   0.000102670464436
12.5533455663   0.000100802852991
12.9960383417   9.87221393983e-05
13.4543426441   9.64504139257e-05
13.9288090127   9.40115260127e-05
14.4200074018   9.14302636919e-05
14.9285278646   8.87316226162e-05
15.4549812628   8.59401819861e-05
16.0   8.30795949247e-05
16.5642387815   8.01721928205e-05
17.1483754006   7.72386971013e-05
17.7531115531   7.42980278368e-05
18.37917368   7.13671962757e-05
19.02731384   6.84612675867e-05
19.6983106135   6.55933802866e-05
20.3929700371   6.27748097385e-05
21.1121265724   6.0015064386e-05
21.8566441081   5.73220048292e-05
22.627416998   5.47019773289e-05
23.4253711351   5.21599547633e-05
24.2514650642   4.96996794266e-05
25.1066911327   4.73238033144e-05
25.9920766834   4.50340226797e-05
26.9086852881   4.28312046262e-05
27.8576180255   4.07155043397e-05
28.8400148035   3.86864722242e-05
29.8570557292   3.67431507254e-05
30.9099625256   3.48841609999e-05
32.0   3.31077798479e-05
33.1284775629   3.14120074933e-05
34.2967508012   2.97946268879e-05
35.5062231062   2.82532552588e-05
36.7583473599   2.67853886249e-05
38.0546276801   2.53884399867e-05
39.396621227   2.40597718644e-05
40.7859400742   2.27967238137e-05
42.2242531447   2.1596635504e-05
43.7132882161   2.04568658955e-05
45.2548339959   1.93748090025e-05
46.8507422703   1.83479066856e-05
48.5029301283   1.737365887e-05
50.2133822654   1.64496315445e-05
51.9841533668   1.55734628591e-05
53.8173705762   1.47428676001e-05
55.715236051   1.39556402909e-05
57.6800296071   1.32096571344e-05
59.7141114584   1.2502876988e-05
61.8199250512   1.18333415339e-05
64.0   1.11991747894e-05
66.2569551258   1.05985820789e-05
68.5935016023   1.00298485738e-05
71.0124462123   9.49133749087e-06
73.5166947198   8.98148802497e-06
76.1092553602   8.49881308209e-06
78.7932424541   8.04189686686e-06
81.5718801484   7.60939237089e-06
84.4485062895   7.20001879977e-06
87.4265764323   6.81255897069e-06
90.5096679919   6.4458567065e-06
93.7014845405   6.09881424745e-06
97.0058602567   5.77038969755e-06
100.426764531   5.45959451932e-06
103.968306734   5.16549108726e-06
107.634741152   4.88719030835e-06
111.430472102   4.62384931568e-06
115.360059214   4.37466923925e-06
119.428222917   4.13889305715e-06
123.639850102   3.91580352851e-06
128.0   3.70472120908e-06
132.513910252   3.50500254928e-06
137.187003205   3.316038074e-06
142.024892425   3.13725064287e-06
147.03338944   2.96809378935e-06
152.21851072   2.80805013669e-06
157.586484908   2.65662988851e-06
163.143760297   2.51336939166e-06
168.897012579   2.37782976884e-06
174.853152865   2.24959561833e-06
181.019335984   2.12827377842e-06
187.402969081   2.01349215363e-06
194.011720513   1.90489860031e-06
200.853529062   1.80215986901e-06
207.936613467   1.70496060094e-06
215.269482305   1.6130023762e-06
222.860944204   1.52600281128e-06
230.720118428   1.44369470354e-06
238.856445833   1.36582522028e-06
247.279700205   1.29215513044e-06
256.0   1.22245807655e-06
265.027820503   1.1565198852e-06
274.374006409   1.09413791386e-06
284.049784849   1.03512043232e-06
294.066778879   9.79286036997e-07
304.437021441   9.26463096336e-07
315.172969816   8.76489225765e-07
326.287520594   8.29210790651e-07
337.794025158   7.84482435781e-07
349.706305729   7.42166640009e-07
362.038671968   7.0213329472e-07
374.805938162   6.64259304869e-07
388.023441027   6.28428211407e-07
401.707058123   5.94529833951e-07
415.873226934   5.62459932637e-07
430.53896461   5.32119888118e-07
445.721888408   5.0341639877e-07
461.440236857   4.76261194154e-07
477.712891667   4.50570763897e-07
494.55940041   4.2626610115e-07
512.0   4.03272459849e-07
530.055641007   3.81519125042e-07
548.748012819   3.60939195576e-07
568.099569699   3.41469378488e-07
588.133557758   3.23049794467e-07
608.874042881   3.05623793797e-07
630.345939633   2.89137782213e-07
652.575041187   2.73541056141e-07
675.588050316   2.58785646815e-07
699.412611458   2.44826172797e-07
724.077343935   2.31619700448e-07
749.611876324   2.19125611912e-07
776.046882053   2.07305480227e-07
803.414116246   1.9612295116e-07
831.746453869   1.85543631418e-07
861.07792922   1.75534982886e-07
891.443776815   1.66066222563e-07
922.880473713   1.57108227903e-07
955.425783334   1.48633447252e-07
989.118800819   1.40615815115e-07
1024.0   1.33030672001e-07
1060.11128201   1.25854688581e-07
1097.49602564   1.19065793942e-07
1136.1991394   1.12643107708e-07
1176.26711552   1.06566875824e-07
1217.74808576   1.00818409799e-07
1260.69187927   9.53800292331e-08
1305.15008237   9.02350074398e-08
1351.17610063   8.53675199997e-08
1398.82522292   8.07625960935e-08
1448.15468787   7.64060724571e-08
1499.22375265   7.22845498213e-08
1552.09376411   6.83853517008e-08
1606.82823249   6.46964854066e-08
1663.49290774   6.12066051602e-08
1722.15585844   5.79049771989e-08
1782.88755363   5.47814467624e-08
1845.76094743   5.18264068601e-08
1910.85156667   4.90307687238e-08
1978.23760164   4.63859338537e-08
2048.0   4.3883767572e-08
2120.22256403   4.15165740039e-08
2194.99205127   3.92770724074e-08
2272.39827879   3.71583747804e-08
2352.53423103   3.51539646751e-08
2435.49617153   3.32576771559e-08
2521.38375853   3.1463679838e-08
2610.30016475   2.97664549488e-08
2702.35220126   2.81607823571e-08
2797.65044583   2.66417235176e-08
2896.30937574   2.52046062818e-08
2998.4475053   2.38450105274e-08
3104.18752821   2.2558754564e-08
3213.65646499   2.13418822713e-08
3326.98581548   2.01906509312e-08
3444.31171688   1.91015197167e-08
3565.77510726   1.80711388011e-08
3691.52189485   1.70963390555e-08
3821.70313333   1.61741223008e-08
3956.47520328   1.53016520872e-08
4096.0   1.44762450045e-08
