#z=1.6
#nu (Ryd)        Jnu (10^-21 erg s^-1 cm^-2 Hz^-1 sr^-1)
0.5   8.09068940142
0.517632461921   7.71446386744
0.535886731268   7.37266961356
0.554784736034   7.02338440892
0.574349177499   6.66706216243
0.594603557501   6.30411619312
0.615572206672   5.93493311387
0.63728031366   5.55988460549
0.659753955386   5.17934960963
0.683020128377   4.78544886641
0.707106781187   4.39370852855
0.732042847973   3.94414289598
0.757858283255   3.43372053679
0.784584097897   3.03528771656
0.812252396356   2.63453343297
0.840896415254   2.23184476371
0.870550563296   1.82759457119
0.901250462611   1.42261980411
0.933032991537   1.0175574523
0.965936328925   0.608489850491
1.0   0.17714737378
1.03526492384   0.163783956596
1.07177346254   0.154377382426
1.10956947207   0.146545450961
1.148698355   0.139929385499
1.189207115   0.13424580279
1.23114441334   0.129273653387
1.27456062732   0.124842831357
1.31950791077   0.120824863295
1.36604025675   0.117125146843
1.41421356237   0.113677620739
1.46408569595   0.110429405953
1.51571656651   0.107349631868
1.56916819579   0.104418321407
1.62450479271   0.101625004832
1.68179283051   0.0989656267704
1.74110112659   0.0964413290397
1.80250092522   0.0949742949001
1.86606598307   0.0917961675141
1.93187265785   0.0896349338503
2.0   0.0876849619309
2.07052984768   0.0857348356589
2.14354692507   0.08384239399
2.21913894414   0.081955507368
2.29739670999   0.0800244699491
2.37841423001   0.0779945703266
2.46228882669   0.0758100267918
2.54912125464   0.073418262724
2.63901582155   0.0707911067944
2.73208051351   0.0676521574666
2.82842712475   0.0643008248165
2.92817139189   0.0606760332845
3.03143313302   0.043451307467
3.13833639159   0.0391504153189
3.24900958542   0.0347380589393
3.36358566101   0.0302375993713
3.48220225318   0.0256764961885
3.60500185044   0.0210854107404
3.73213196615   0.0164969752925
3.8637453157   0.0116744389473
4.0   0.00721985114892
4.14105969537   0.00564362623873
4.28709385015   0.00507421858458
4.43827788827   0.00480502576114
4.59479341999   0.00463070327229
4.75682846001   0.0044861296188
4.92457765338   0.00435157760511
5.09824250928   0.00422141220353
5.27803164309   0.0040941964549
5.46416102702   0.00396969461874
5.65685424949   0.00384799803365
5.85634278378   0.00372927608331
6.06286626604   0.00361370533943
6.27667278317   0.00350144991419
6.49801917085   0.0033926580412
6.72717132203   0.00328746457716
6.96440450637   0.00318599524101
7.21000370089   0.00308837000004
7.46426393229   0.0029947038106
7.7274906314   0.00290510375226
8.0   0.00281966249018
8.28211939073   0.00273844881002
8.57418770029   0.00266149654543
8.87655577654   0.00258879348166
9.18958683998   0.00252027177365
9.51365692002   0.00245580113359
9.84915530676   0.00239518562324
10.1964850186   0.00233816443182
10.5560632862   0.00228441660583
10.928322054   0.00223356936422
11.313708499   0.00218520938991
11.7126855676   0.00213889632951
12.1257325321   0.0020941776428
12.5533455663   0.00205060391102
12.9960383417   0.00200774373313
13.4543426441   0.00196519740847
13.9288090127   0.00192260871961
14.4200074018   0.00187967428382
14.9285278646   0.00183615012319
15.4549812628   0.00179185529799
16.0   0.00174667263921
16.5642387815   0.00170054678936
17.1483754006   0.00165347990484
17.7531115531   0.00160552547883
18.37917368   0.0015567808082
19.02731384   0.00150737864833
19.6983106135   0.00145747857968
20.3929700371   0.00140725855353
21.1121265724   0.00135690699996
21.8566441081   0.00130661578113
22.627416998   0.00125657416786
23.4253711351   0.00120696391976
24.2514650642   0.00115795546694
25.1066911327   0.00110970512897
25.9920766834   0.00106235326565
26.9086852881   0.00101602323143
27.8576180255   0.000970820998341
28.8400148035   0.000926835315272
29.8570557292   0.000884138282092
30.9099625256   0.000842786230659
32.0   0.000802820820141
33.1284775629   0.000764270269145
34.2967508012   0.00072715066129
35.5062231062   0.000691467273656
36.7583473599   0.00065721588879
38.0546276801   0.000624384060646
39.396621227   0.000592952313117
40.7859400742   0.000562895256652
42.2242531447   0.000534182614157
43.7132882161   0.000506780151858
45.2548339959   0.0004806505144
46.8507422703   0.000455753966137
48.5029301283   0.000432049042551
50.2133822654   0.000409493117122
51.9841533668   0.000388042889817
53.8173705762   0.000367654803865
55.715236051   0.000348285397643
57.6800296071   0.000329891598435
59.7141114584   0.000312430964563
61.8199250512   0.000295861882086
64.0   0.00028014372178
66.2569551258   0.000265236961676
68.5935016023   0.000251103279928
71.0124462123   0.000237705622319
73.5166947198   0.000225008248219
76.1092553602   0.00021297675839
78.7932424541   0.000201578107609
81.5718801484   0.000190780604709
84.4485062895   0.000180553902284
87.4265764323   0.000170868978008
90.5096679919   0.000161698109246
93.7014845405   0.000153014842367
97.0058602567   0.000144793957987
100.426764531   0.000137011433167
103.968306734   0.000129644401424
107.634741152   0.000122671111275
111.430472102   0.000116070883927
115.360059214   0.000109824070593
119.428222917   0.000103912009857
123.639850102   9.83169853915e-05
128.0   9.30221843271e-05
132.513910252   8.80116564494e-05
137.187003205   8.32702744083e-05
142.024892425   7.87836950537e-05
147.03338944   7.45383219914e-05
152.21851072   7.05212694221e-05
157.586484908   6.67203273061e-05
163.143760297   6.31239278742e-05
168.897012579   5.97211134948e-05
174.853152865   5.65015058907e-05
181.019335984   5.34552766903e-05
187.402969081   5.05731192931e-05
194.011720513   4.78462220173e-05
200.853529062   4.52662424985e-05
207.936613467   4.28252833009e-05
215.269482305   4.0515868701e-05
222.860944204   3.83309226043e-05
230.720118428   3.62637475497e-05
238.856445833   3.43080047605e-05
247.279700205   3.24576951978e-05
256.0   3.07071415745e-05
265.027820503   2.9050971286e-05
274.374006409   2.74841002184e-05
284.049784849   2.60017173917e-05
294.066778879   2.45992703997e-05
304.437021441   2.32724516085e-05
315.172969816   2.2017185077e-05
326.287520594   2.08296141633e-05
337.794025158   1.97060897837e-05
349.706305729   1.86431592908e-05
362.038671968   1.7637555941e-05
374.805938162   1.66861889187e-05
388.023441027   1.5786133892e-05
401.707058123   1.49346240698e-05
415.873226934   1.41290417356e-05
430.53896461   1.33669102334e-05
445.721888408   1.2645886381e-05
461.440236857   1.19637532896e-05
477.712891667   1.13184135672e-05
494.55940041   1.07078828868e-05
512.0   1.01302838983e-05
530.055641007   9.58384046844e-06
548.748012819   9.06687222838e-06
568.099569699   8.57778941538e-06
588.133557758   8.1150879909e-06
608.874042881   7.67734502145e-06
630.345939633   7.26321430771e-06
652.575041187   6.8714222488e-06
675.588050316   6.5007639291e-06
699.412611458   6.15009941572e-06
724.077343935   5.81835025522e-06
749.611876324   5.50449615909e-06
776.046882053   5.20757186763e-06
803.414116246   4.92666418285e-06
831.746453869   4.66090916118e-06
861.07792922   4.40948945747e-06
891.443776815   4.17163181211e-06
922.880473713   3.94660467355e-06
955.425783334   3.73371594907e-06
989.118800819   3.53231087664e-06
1024.0   3.34177001167e-06
1060.11128201   3.16150732215e-06
1097.49602564   2.99096838664e-06
1136.1991394   2.82962868926e-06
1176.26711552   2.67699200678e-06
1217.74808576   2.53258888255e-06
1260.69187927   2.39597518284e-06
1305.15008237   2.2667307309e-06
1351.17610063   2.14445801484e-06
1398.82522292   2.02878096503e-06
1448.15468787   1.91934379762e-06
1499.22375265   1.81580992022e-06
1552.09376411   1.71786089682e-06
1606.82823249   1.62519546836e-06
1663.49290774   1.53752862624e-06
1722.15585844   1.45459073573e-06
1782.88755363   1.37612670673e-06
1845.76094743   1.30189520917e-06
1910.85156667   1.2316679308e-06
1978.23760164   1.16522887503e-06
2048.0   1.10237369653e-06
2120.22256403   1.04290907282e-06
2194.99205127   9.86652109622e-07
2272.39827879   9.33429778374e-07
2352.53423103   8.83078384054e-07
2435.49617153   8.35443061707e-07
2521.38375853   7.90377300135e-07
2610.30016475   7.47742491281e-07
2702.35220126   7.07407503916e-07
2797.65044583   6.69248280328e-07
2896.30937574   6.33147454755e-07
2998.4475053   5.98993992413e-07
3104.18752821   5.66682847987e-07
3213.65646499   5.36114642549e-07
3326.98581548   5.07195357897e-07
3444.31171688   4.79836047386e-07
3565.77510726   4.53952562362e-07
3691.52189485   4.29465293341e-07
3821.70313333   4.06298925162e-07
3956.47520328   3.84382205336e-07
4096.0   3.636477249e-07
