#z=1.3
#nu (Ryd)        Jnu (10^-21 erg s^-1 cm^-2 Hz^-1 sr^-1)
0.5   5.88743654153
0.517632461921   5.59483772541
0.535886731268   5.33594112527
0.554784736034   5.07290053357
0.574349177499   4.80597346186
0.594603557501   4.53542500034
0.615572206672   4.25908297838
0.63728031366   3.98189227982
0.659753955386   3.70209234046
0.683020128377   3.41850843379
0.707106781187   3.13651776364
0.732042847973   2.81136588878
0.757858283255   2.45123083215
0.784584097897   2.16597683618
0.812252396356   1.8800832356
0.840896415254   1.59380359426
0.870550563296   1.30475519903
0.901250462611   1.01855445937
0.933032991537   0.733195516169
0.965936328925   0.448375611252
1.0   0.141547942741
1.03526492384   0.132690108948
1.07177346254   0.125550711419
1.10956947207   0.119553874643
1.148698355   0.114436772491
1.189207115   0.109993760912
1.23114441334   0.106066503456
1.27456062732   0.10253412424
1.31950791077   0.0993062323944
1.36604025675   0.0963176084452
1.41421356237   0.0935298787511
1.46408569595   0.0908994881763
1.51571656651   0.0884063287731
1.56916819579   0.0860443965483
1.62450479271   0.0837994557455
1.68179283051   0.0816632787907
1.74110112659   0.0796208934617
1.80250092522   0.0777799906928
1.86606598307   0.0757763788244
1.93187265785   0.07393024735
2.0   0.072146481384
2.07052984768   0.0702587174631
2.14354692507   0.0683462678768
2.21913894414   0.0663434443166
2.29739670999   0.0642170384388
2.37841423001   0.0619494473291
2.46228882669   0.0593726395574
2.54912125464   0.056706243277
2.63901582155   0.0538450545008
2.73208051351   0.0507017706401
2.82842712475   0.0477061564632
2.92817139189   0.0446752250431
3.03143313302   0.0325536774818
3.13833639159   0.0291301685654
3.24900958542   0.0256928445492
3.36358566101   0.0222630626516
3.48220225318   0.0186008727102
3.60500185044   0.015242504434
3.73213196615   0.0119662871051
3.8637453157   0.00876686575131
4.0   0.00553012000936
4.14105969537   0.00446247651417
4.28709385015   0.00405334566961
4.43827788827   0.00385456506054
4.59479341999   0.00372202423193
4.75682846001   0.00361020424048
4.92457765338   0.00350540117006
5.09824250928   0.00340375403353
5.27803164309   0.0033043198787
5.46416102702   0.00320698219009
5.65685424949   0.00311184349394
5.85634278378   0.00301905469538
6.06286626604   0.00292876888378
6.27667278317   0.0028411304762
6.49801917085   0.00275627464799
6.72717132203   0.00267432937636
6.96440450637   0.00259541701958
7.21000370089   0.00251965382188
7.46426393229   0.00244714658169
7.7274906314   0.00237798646579
8.0   0.00231224059703
8.28211939073   0.0022499425025
8.57418770029   0.00219108272485
8.87655577654   0.00213560087201
9.18958683998   0.00208338015997
9.51365692002   0.00203424516699
9.84915530676   0.00198796314153
10.1964850186   0.00194424885079
10.5560632862   0.00190277265502
10.928322054   0.00186317125825
11.313708499   0.00182506041672
11.7126855676   0.0017880487794
12.1257325321   0.00175175198778
12.5533455663   0.00171580617542
12.9960383417   0.00167988008362
13.4543426441   0.00164368514255
13.9288090127   0.00160698304787
14.4200074018   0.00156959057088
14.9285278646   0.00153138155437
15.4549812628   0.0014922862431
16.0   0.00145228826
16.5642387815   0.00141141965509
17.1483754006   0.00136975452074
17.7531115531   0.0013274016867
18.37917368   0.00128449698832
19.02731384   0.00124119555096
19.6983106135   0.00119766446096
20.3929700371   0.00115407610845
21.1121265724   0.00111060239699
21.8566441081   0.00106740992794
22.627416998   0.00102465618955
23.4253711351   0.000982486716826
24.2514650642   0.00094103314205
25.1066911327   0.000900412025855
25.9920766834   0.000860724345014
26.9086852881   0.000822055511172
27.8576180255   0.000784475801812
28.8400148035   0.000748041096987
29.8570557292   0.000712793830197
30.9099625256   0.000678764077055
32.0   0.000645970719945
33.1284775629   0.000614422639893
34.2967508012   0.00058411989821
35.5062231062   0.000555054879996
36.7583473599   0.000527213379509
38.0546276801   0.000500575613901
39.396621227   0.000475117156975
40.7859400742   0.000450809788793
42.2242531447   0.000427622260135
43.7132882161   0.000405520973259
45.2548339959   0.000384470582199
46.8507422703   0.000364434517085
48.5029301283   0.000345375437796
50.2133822654   0.000327255622713
51.9841533668   0.00031003729854
53.8173705762   0.000293682917143
55.715236051   0.000278155385174
57.6800296071   0.000263418251983
59.7141114584   0.000249435860942
61.8199250512   0.000236173468938
64.0   0.000223597338336
66.2569551258   0.000211674805321
68.5935016023   0.000200374328115
71.0124462123   0.000189665518154
73.5166947198   0.000179519156958
76.1092553602   0.000169907201094
78.7932424541   0.000160802777304
81.5718801484   0.000152180169603
84.4485062895   0.000144014799904
87.4265764323   0.000136283203496
90.5096679919   0.000128963000514
93.7014845405   0.000122032864354
97.0058602567   0.000115472487862
100.426764531   0.000109262547954
103.968306734   0.000103384669261
107.634741152   9.78213872527e-05
111.430472102   9.2556111233e-05
115.360059214   8.75730875219e-05
119.428222917   8.28573630824e-05
123.639850102   7.83947497914e-05
128.0   7.41717895169e-05
132.513910252   7.01757201236e-05
137.187003205   6.63944424997e-05
142.024892425   6.28164886701e-05
147.03338944   5.94309910424e-05
152.21851072   5.62276528118e-05
157.586484908   5.31967195373e-05
163.143760297   5.03289518919e-05
168.897012579   4.76155995758e-05
174.853152865   4.50483763771e-05
181.019335984   4.26194363579e-05
187.402969081   4.03213511379e-05
194.011720513   3.81470882452e-05
200.853529062   3.60899905002e-05
207.936613467   3.41437563985e-05
215.269482305   3.23024214548e-05
222.860944204   3.0560340472e-05
230.720118428   2.89121706979e-05
238.856445833   2.73528558311e-05
247.279700205   2.58776108409e-05
256.0   2.44819075634e-05
265.027820503   2.316146104e-05
274.374006409   2.19122165619e-05
284.049784849   2.07303373886e-05
294.066778879   1.96121931073e-05
304.437021441   1.85543486019e-05
315.172969816   1.75535536019e-05
326.287520594   1.66067327821e-05
337.794025158   1.5710976385e-05
349.706305729   1.48635313402e-05
362.038671968   1.40617928547e-05
374.805938162   1.33032964506e-05
388.023441027   1.25857104263e-05
401.707058123   1.19068287199e-05
415.873226934   1.12645641531e-05
430.53896461   1.06569420373e-05
445.721888408   1.00820941202e-05
461.440236857   9.53825285801e-06
477.712891667   9.02374599346e-06
494.55940041   8.53699142528e-06
512.0   8.07649235268e-06
530.055641007   7.64083268066e-06
548.748012819   7.22867267202e-06
568.099569699   6.83874483314e-06
588.133557758   6.46985002093e-06
608.874042881   6.12085375913e-06
630.345939633   5.79068275287e-06
652.575041187   5.47832159072e-06
675.588050316   5.18280962432e-06
699.412611458   4.90323801599e-06
724.077343935   4.63874694538e-06
749.611876324   4.38852296654e-06
776.046882053   4.15179650735e-06
803.414116246   3.92783950374e-06
831.746453869   3.71596316134e-06
861.07792922   3.51551583778e-06
891.443776815   3.32588103912e-06
922.880473713   3.14647552433e-06
955.425783334   2.97674751182e-06
989.118800819   2.81617498285e-06
1024.0   2.66426407622e-06
1060.11128201   2.52054756965e-06
1097.49602564   2.38458344295e-06
1136.1991394   2.25595351877e-06
1176.26711552   2.13426217653e-06
1217.74808576   2.01913513581e-06
1260.69187927   1.91021830525e-06
1305.15008237   1.80717669363e-06
1351.17610063   1.7096933796e-06
1398.82522292   1.61746853702e-06
1448.15468787   1.53021851282e-06
1499.22375265   1.44767495465e-06
1552.09376411   1.36958398555e-06
1606.82823249   1.29570542314e-06
1663.49290774   1.22581204092e-06
1722.15585844   1.15968886943e-06
1782.88755363   1.09713253507e-06
1845.76094743   1.03795063462e-06
1910.85156667   9.81961143502e-07
1978.23760164   9.289918559e-07
2048.0   8.78879855154e-07
2120.22256403   8.31471012674e-07
2194.99205127   7.86619513898e-07
2272.39827879   7.4418740982e-07
2352.53423103   7.04044192709e-07
2435.49617153   6.66066394708e-07
2521.38375853   6.30137208093e-07
2610.30016475   5.9614612601e-07
2702.35220126   5.63988602595e-07
2797.65044583   5.33565731426e-07
2896.30937574   5.04783941316e-07
2998.4475053   4.77554708525e-07
3104.18752821   4.51794284484e-07
3213.65646499   4.27423438216e-07
3326.98581548   4.04367212646e-07
3444.31171688   3.82554694055e-07
3565.77510726   3.61918793976e-07
3691.52189485   3.42396042849e-07
3821.70313333   3.2392639481e-07
3956.47520328   3.06453043008e-07
4096.0   2.89922244886e-07
