#z=1.65
#nu (Ryd)        Jnu (10^-21 erg s^-1 cm^-2 Hz^-1 sr^-1)
0.5   8.59551337278
0.517632461921   8.19673212243
0.535886731268   7.8368482691
0.554784736034   7.46856281133
0.574349177499   7.0924147869
0.594603557501   6.70887247662
0.615572206672   6.31837106977
0.63728031366   5.92132143309
0.659753955386   5.51812449583
0.683020128377   5.10744938291
0.707106781187   4.68675638696
0.732042847973   4.20687192965
0.757858283255   3.66081086319
0.784584097897   3.23646192926
0.812252396356   2.80935874023
0.840896415254   2.37991073413
0.870550563296   1.94852531318
0.901250462611   1.51611183308
0.933032991537   1.0833625567
0.965936328925   0.650574136162
1.0   0.181477348682
1.03526492384   0.168829289876
1.07177346254   0.15900254286
1.10956947207   0.150838395813
1.148698355   0.143958710258
1.189207115   0.138064421514
1.23114441334   0.132921934443
1.27456062732   0.128351155453
1.31950791077   0.124215347169
1.36604025675   0.120413174009
1.41421356237   0.116874117435
1.46408569595   0.113542675314
1.51571656651   0.110384610118
1.56916819579   0.107378491576
1.62450479271   0.104512707694
1.68179283051   0.10178350318
1.74110112659   0.0991916993738
1.80250092522   0.097072896386
1.86606598307   0.094429063106
1.93187265785   0.0922538541963
2.0   0.0902558019475
2.07052984768   0.0882969910415
2.14354692507   0.0864230879284
2.21913894414   0.0845803391685
2.29739670999   0.0827182503224
2.37841423001   0.0807796113974
2.46228882669   0.0787038676873
2.54912125464   0.0764305666982
2.63901582155   0.0739039832647
2.73208051351   0.0710750540049
2.82842712475   0.0676562868126
2.92817139189   0.064062946723
3.03143313302   0.0456547052172
3.13833639159   0.0412057578609
3.24900958542   0.0366195138312
3.36358566101   0.0319186461451
3.48220225318   0.0271308813802
3.60500185044   0.0222880380034
3.73213196615   0.017424811919
3.8637453157   0.0125774906959
4.0   0.00740712037987
4.14105969537   0.00579715829957
4.28709385015   0.00519689805259
4.43827788827   0.00491610882814
4.59479341999   0.00473630446475
4.75682846001   0.00458812016255
4.92457765338   0.00445051200388
5.09824250928   0.00431745153266
5.27803164309   0.00418738927237
5.46416102702   0.00406006086356
5.65685424949   0.003935554624
5.85634278378   0.0038140452109
6.06286626604   0.003695717019
6.27667278317   0.00358074209102
6.49801917085   0.00346927547541
6.72717132203   0.00336145725986
6.96440450637   0.00325741695291
7.21000370089   0.00315727746844
7.46426393229   0.00306115671115
7.7274906314   0.00296916557219
8.0   0.00288140206901
8.28211939073   0.00279794223927
8.57418770029   0.00271882905708
8.87655577654   0.00264406097936
9.18958683998   0.00257358173937
9.51365692002   0.00250727274677
9.84915530676   0.00244494903372
10.1964850186   0.00238635921453
10.5560632862   0.00233118948798
10.928322054   0.00227907135514
11.313708499   0.00222959246701
11.7126855676   0.00218230984715
12.1257325321   0.00213676463944
12.5533455663   0.00209249749536
12.9960383417   0.00204906373108
13.4543426441   0.0020060474461
13.9288090127   0.00196307390019
14.4200074018   0.00191981958678
14.9285278646   0.00187601961031
15.4549812628   0.00183147215979
16.0   0.00178604005741
16.5642387815   0.00173964953659
17.1483754006   0.00169228655535
17.7531115531   0.00164399107086
18.37917368   0.00159484978123
19.02731384   0.00154498787891
19.6983106135   0.00149456035463
20.3929700371   0.00144374334609
21.1121265724   0.0013927259483
21.8566441081   0.0013417028036
22.627416998   0.00129086768274
23.4253711351   0.00124040816553
24.2514650642   0.00119050144093
25.1066911327   0.00114131117778
25.9920766834   0.00109298537015
26.9086852881   0.00104565503378
27.8576180255   0.000999433619022
28.8400148035   0.000954417006517
29.8570557292   0.000910683960043
30.9099625256   0.000868296924011
32.0   0.000827303067685
33.1284775629   0.000787735493274
34.2967508012   0.000749614539364
35.5062231062   0.000712949124352
36.7583473599   0.000677738086255
38.0546276801   0.000643971485552
39.396621227   0.000611631846548
40.7859400742   0.000580695320163
42.2242531447   0.000551132757252
43.7132882161   0.000522910686517
45.2548339959   0.000495992195105
46.8507422703   0.000470337712969
48.5029301283   0.000445905704383
50.2133822654   0.000422653271598
51.9841533668   0.00040053667666
53.8173705762   0.000379511788051
55.715236051   0.000359534459074
57.6800296071   0.000340560844891
59.7141114584   0.000322547664964
61.8199250512   0.00030545241729
64.0   0.00028923355042
66.2569551258   0.000273850598782
68.5935016023   0.000259264286329
71.0124462123   0.000245436603049
73.5166947198   0.000232330858366
76.1092553602   0.000219911715043
78.7932424541   0.000208145206714
81.5718801484   0.000196998741828
84.4485062895   0.000186441096392
87.4265764323   0.00017644239759
90.5096679919   0.000166974100066
93.7014845405   0.000158008956389
97.0058602567   0.00014952098301
100.426764531   0.000141485422807
103.968306734   0.000133878705141
107.634741152   0.000126678404213
111.430472102   0.000119863196352
115.360059214   0.000113412816788
119.428222917   0.000107308016335
123.639850102   0.000101530518352
128.0   9.60629762623e-05
132.513910252   9.08889318703e-05
137.187003205   8.5992774643e-05
142.024892425   8.13597021045e-05
147.03338944   7.69756814405e-05
152.21851072   7.28274123871e-05
157.586484908   6.89022914529e-05
163.143760297   6.51883775019e-05
168.897012579   6.16743587114e-05
174.853152865   5.8349520902e-05
181.019335984   5.5203717228e-05
187.402969081   5.22273392088e-05
194.011720513   4.94112890711e-05
200.853529062   4.67469533725e-05
207.936613467   4.42261778671e-05
215.269482305   4.18412435747e-05
222.860944204   3.95848440122e-05
230.720118428   3.74500635431e-05
238.856445833   3.54303568031e-05
247.279700205   3.35195291564e-05
256.0   3.17117181403e-05
265.027820503   3.00013758543e-05
274.374006409   2.83832522518e-05
284.049784849   2.68523792929e-05
294.066778879   2.54040559176e-05
304.437021441   2.40338338017e-05
315.172969816   2.27375038554e-05
326.287520594   2.1511083431e-05
337.794025158   2.03508042025e-05
349.706305729   1.92531006842e-05
362.038671968   1.82145993567e-05
374.805938162   1.72321083688e-05
388.023441027   1.63026077855e-05
401.707058123   1.54232403557e-05
415.873226934   1.45913027703e-05
430.53896461   1.38042373874e-05
445.721888408   1.3059624399e-05
461.440236857   1.23551744167e-05
477.712891667   1.16887214534e-05
494.55940041   1.1058216282e-05
512.0   1.04617201491e-05
530.055641007   9.89739882618e-06
548.748012819   9.3635169804e-06
568.099569699   8.85843284696e-06
588.133557758   8.38059318828e-06
608.874042881   7.92852852386e-06
630.345939633   7.50084861667e-06
652.575041187   7.09623820231e-06
675.588050316   6.71345294796e-06
699.412611458   6.35131562883e-06
724.077343935   6.00871251044e-06
749.611876324   5.68458992568e-06
776.046882053   5.37795103626e-06
803.414116246   5.0878527685e-06
831.746453869   4.81340291436e-06
861.07792922   4.55375738849e-06
891.443776815   4.30811763327e-06
922.880473713   4.07572816352e-06
955.425783334   3.85587424371e-06
989.118800819   3.64787969028e-06
1024.0   3.45110479245e-06
1060.11128201   3.26494434515e-06
1097.49602564   3.08882578799e-06
1136.1991394   2.92220744452e-06
1176.26711552   2.76457685657e-06
1217.74808576   2.61544920822e-06
1260.69187927   2.47436583493e-06
1305.15008237   2.34089281295e-06
1351.17610063   2.21461962487e-06
1398.82522292   2.0951578971e-06
1448.15468787   1.98214020544e-06
1499.22375265   1.87521894513e-06
1552.09376411   1.77406526172e-06
1606.82823249   1.67836803974e-06
1663.49290774   1.58783294582e-06
1722.15585844   1.50218152348e-06
1782.88755363   1.42115033669e-06
1845.76094743   1.34449015966e-06
1910.85156667   1.27196521035e-06
1978.23760164   1.20335242525e-06
2048.0   1.13844077339e-06
2120.22256403   1.07703060722e-06
2194.99205127   1.01893304861e-06
2272.39827879   9.6396940793e-07
2352.53423103   9.11970634445e-07
2435.49617153   8.6277679639e-07
2521.38375853   8.16236589072e-07
2610.30016475   7.72206869509e-07
2702.35220126   7.30552216171e-07
2797.65044583   6.91144512472e-07
2896.30937574   6.53862552722e-07
2998.4475053   6.18591669342e-07
3104.18752821   5.85223380184e-07
3213.65646499   5.53655054875e-07
3326.98581548   5.2378959916e-07
3444.31171688   4.95535156272e-07
3565.77510726   4.6880482441e-07
3691.52189485   4.43516389456e-07
3821.70313333   4.19592072114e-07
3956.47520328   3.96958288682e-07
4096.0   3.75545424735e-07
