#z=9.35
#nu (Ryd)        Jnu (10^-21 erg s^-1 cm^-2 Hz^-1 sr^-1)
0.5   12.7031181185
0.517632461921   12.7142245904
0.535886731268   12.7284810217
0.554784736034   12.746512401
0.574349177499   12.768913137
0.594603557501   12.7964760139
0.615572206672   12.8055764662
0.63728031366   31.2068032532
0.659753955386   12.5582519005
0.683020128377   12.3929997524
0.707106781187   12.1636089333
0.732042847973   11.7884997582
0.757858283255   10.8471612327
0.784584097897   10.2253763694
0.812252396356   9.45344919067
0.840896415254   8.5035489539
0.870550563296   7.34449055569
0.901250462611   5.94169436902
0.933032991537   4.25720352998
0.965936328925   2.24979712783
1.0   0.0205139269674
1.03526492384   0.0182415568347
1.07177346254   0.0168315352184
1.10956947207   0.0157555922161
1.148698355   0.0149496619118
1.189207115   0.0143591599613
1.23114441334   0.0139382225523
1.27456062732   0.0136488560025
1.31950791077   0.0134600436375
1.36604025675   0.013346847277
1.41421356237   0.0132895316554
1.46408569595   0.013272732759
1.51571656651   0.013284685892
1.56916819579   0.0133165259467
1.62450479271   0.0133616699201
1.68179283051   0.0134152890814
1.74110112659   0.0134738745206
1.80250092522   0.0138067012926
1.86606598307   0.0135965388612
1.93187265785   0.0136575308212
2.0   0.0137170009629
2.07052984768   0.0137743934799
2.14354692507   0.0138293949063
2.21913894414   0.0138818706171
2.29739670999   0.0139318031139
2.37841423001   0.0139792320528
2.46228882669   0.014024200867
2.54912125464   0.0140667170921
2.63901582155   0.0141067325375
2.73208051351   0.0141441456377
2.82842712475   0.0141788229812
2.92817139189   0.0142106318771
3.03143313302   0.014239448328
3.13833639159   0.0142650522057
3.24900958542   0.0142860284922
3.36358566101   0.014293432473
3.48220225318   0.0142410418646
3.60500185044   0.0139318485063
3.73213196615   0.0126617379626
3.8637453157   0.00829136731907
4.0   1.73031439509e-46
4.14105969537   2.71133115043e-45
4.28709385015   6.47796354807e-43
4.43827788827   1.1780356028e-40
4.59479341999   1.62462116752e-38
4.75682846001   1.70551917124e-36
4.92457765338   1.37233195147e-34
5.09824250928   8.53407488323e-33
5.27803164309   4.13870038188e-31
5.46416102702   1.5801202429e-29
5.65685424949   4.79587744994e-28
5.85634278378   1.16871624368e-26
6.06286626604   2.30974844355e-25
6.27667278317   3.73932937259e-24
6.49801917085   5.00879001703e-23
6.72717132203   5.60621555244e-22
6.96440450637   5.29443378835e-21
7.21000370089   4.25894874348e-20
7.46426393229   2.94527102923e-19
7.7274906314   1.76670838448e-18
8.0   9.27159756833e-18
8.28211939073   4.29214164e-17
8.57418770029   1.76661700706e-16
8.87655577654   6.51350372997e-16
9.18958683998   2.1666125057e-15
9.51365692002   6.54591278603e-15
9.84915530676   1.80780569446e-14
10.1964850186   4.59139163474e-14
10.5560632862   1.0785053135e-13
10.928322054   2.3557227741e-13
11.313708499   4.80907903894e-13
11.7126855676   9.21998065359e-13
12.1257325321   1.66768752154e-12
12.5533455663   2.85826278164e-12
12.9960383417   4.66107040117e-12
13.4543426441   7.26056776685e-12
13.9288090127   1.08437010107e-11
14.4200074018   1.55827276808e-11
14.9285278646   2.16182870834e-11
15.4549812628   2.90454629636e-11
16.0   3.7904856839e-11
16.5642387815   4.81795839494e-11
17.1483754006   5.97979707549e-11
17.7531115531   7.26408534637e-11
18.37917368   8.65518883346e-11
19.02731384   1.013491847e-10
19.6983106135   1.16836769022e-10
20.3929700371   1.32814758317e-10
21.1121265724   1.49087548977e-10
21.8566441081   1.65469728332e-10
22.627416998   1.81789741941e-10
23.4253711351   1.9789158029e-10
24.2514650642   2.13634885558e-10
25.1066911327   2.28893936237e-10
25.9920766834   2.43555963656e-10
26.9086852881   2.57519209281e-10
27.8576180255   2.70691061946e-10
28.8400148035   2.82986532746e-10
29.8570557292   2.94327241016e-10
30.9099625256   3.04641003014e-10
32.0   3.13862038929e-10
33.1284775629   3.21931745696e-10
34.2967508012   3.28799925167e-10
35.5062231062   3.34426311762e-10
36.7583473599   3.38782213912e-10
38.0546276801   3.41852071877e-10
39.396621227   3.43634742525e-10
40.7859400742   3.4414434907e-10
42.2242531447   3.43410577646e-10
43.7132882161   3.41478357884e-10
45.2548339959   3.38406924273e-10
46.8507422703   3.34268311693e-10
48.5029301283   3.29145385304e-10
50.2133822654   3.23129537289e-10
51.9841533668   3.1631819856e-10
53.8173705762   3.08812312871e-10
55.715236051   3.00713906426e-10
57.6800296071   2.92123861992e-10
59.7141114584   2.83139977089e-10
61.8199250512   2.73855355145e-10
64.0   2.64357149989e-10
66.2569551258   2.5472565976e-10
68.5935016023   2.45033747642e-10
71.0124462123   2.3534655392e-10
73.5166947198   2.25721456318e-10
76.1092553602   2.16208232651e-10
78.7932424541   2.06849380441e-10
81.5718801484   1.97680551298e-10
84.4485062895   1.8873106259e-10
87.4265764323   1.80024454482e-10
90.5096679919   1.7157906617e-10
93.7014845405   1.63408610693e-10
97.0058602567   1.55522732702e-10
100.426764531   1.47927538043e-10
103.968306734   1.40626087657e-10
107.634741152   1.33618851356e-10
111.430472102   1.2690411941e-10
115.360059214   1.20478371676e-10
119.428222917   1.14336605353e-10
123.639850102   1.08472623346e-10
128.0   1.02879285854e-10
132.513910252   9.75487281104e-11
137.187003205   9.24725473901e-11
142.024892425   8.7641962405e-11
147.03338944   8.30479481077e-11
152.21851072   7.86813487888e-11
157.586484908   7.4532972143e-11
163.143760297   7.05936667646e-11
168.897012579   6.68543852996e-11
174.853152865   6.33062352555e-11
181.019335984   5.99405192482e-11
187.402969081   5.67487662565e-11
194.011720513   5.37227552647e-11
200.853529062   5.08545324948e-11
207.936613467   4.81364232721e-11
215.269482305   4.55610394267e-11
222.860944204   4.31212830057e-11
230.720118428   4.08103469599e-11
238.856445833   3.86217133727e-11
247.279700205   3.6549149711e-11
256.0   3.45867035069e-11
265.027820503   3.27286958139e-11
274.374006409   3.09697137246e-11
284.049784849   2.93046021943e-11
294.066778879   2.77284553682e-11
304.437021441   2.62366075809e-11
315.172969816   2.48246241649e-11
326.287520594   2.34882921789e-11
337.794025158   2.22236111492e-11
349.706305729   2.10267838956e-11
362.038671968   1.9894207501e-11
374.805938162   1.88224644701e-11
388.023441027   1.78083141132e-11
401.707058123   1.68486841802e-11
415.873226934   1.59406627654e-11
430.53896461   1.50814904953e-11
445.721888408   1.42685530085e-11
461.440236857   1.34993737309e-11
477.712891667   1.27716069488e-11
494.55940041   1.20830311762e-11
512.0   1.14315428139e-11
530.055641007   1.0815150095e-11
548.748012819   1.02319673085e-11
568.099569699   9.68020929576e-12
588.133557758   9.15818620919e-12
608.874042881   8.66429852518e-12
630.345939633   8.19703230221e-12
652.575041187   7.75495467416e-12
675.588050316   7.33670956957e-12
699.412611458   6.9410136474e-12
724.077343935   6.56665243961e-12
749.611876324   6.21247669164e-12
776.046882053   5.87739889147e-12
803.414116246   5.56038997861e-12
831.746453869   5.26047622438e-12
861.07792922   4.97673627528e-12
891.443776815   4.70829835136e-12
922.880473713   4.4543375921e-12
955.425783334   4.21407354222e-12
989.118800819   3.98676777055e-12
1024.0   3.77172161505e-12
1060.11128201   3.56827404761e-12
1097.49602564   3.37579965248e-12
1136.1991394   3.19370671236e-12
1176.26711552   3.02143539663e-12
1217.74808576   2.85845604637e-12
1260.69187927   2.70426755109e-12
1305.15008237   2.55839581231e-12
1351.17610063   2.42039228952e-12
1398.82522292   2.28983262408e-12
1448.15468787   2.16631533688e-12
1499.22375265   2.04946059598e-12
1552.09376411   1.93890905046e-12
1606.82823249   1.83432072687e-12
1663.49290774   1.73537398504e-12
1722.15585844   1.64176453003e-12
1782.88755363   1.5532044773e-12
1845.76094743   1.46942146805e-12
1910.85156667   1.39015783235e-12
1978.23760164   1.31516979718e-12
2048.0   1.2442267372e-12
2120.22256403   1.17711046585e-12
2194.99205127   1.11361456464e-12
2272.39827879   1.0535437486e-12
2352.53423103   9.96713265877e-13
2435.49617153   9.4294832971e-13
2521.38375853   8.92083581051e-13
2610.30016475   8.43962580104e-13
2702.35220126   7.98437325304e-13
2797.65044583   7.55367798217e-13
2896.30937574   7.14621532977e-13
2998.4475053   6.7607320894e-13
3104.18752821   6.39604265302e-13
3213.65646499   6.05102536498e-13
3326.98581548   5.72461907261e-13
3444.31171688   5.41581986281e-13
3565.77510726   5.12367797467e-13
3691.52189485   4.84729487857e-13
3821.70313333   4.58582051282e-13
3956.47520328   4.3384506693e-13
4096.0   4.10442452017e-13
