#z=4.75
#nu (Ryd)        Jnu (10^-21 erg s^-1 cm^-2 Hz^-1 sr^-1)
0.5   32.977297286
0.517632461921   32.6027507599
0.535886731268   32.176243074
0.554784736034   31.6124516777
0.574349177499   31.0036538462
0.594603557501   30.2900518868
0.615572206672   29.4599722954
0.63728031366   28.5027558934
0.659753955386   27.4079844694
0.683020128377   26.1662014356
0.707106781187   24.7697150599
0.732042847973   23.0267884164
0.757858283255   20.6327206471
0.784584097897   18.5712777443
0.812252396356   16.4347728732
0.840896415254   14.1297318222
0.870550563296   11.6583525427
0.901250462611   9.02688562314
0.933032991537   6.24311906616
0.965936328925   3.31582129592
1.0   0.12652614496
1.03526492384   0.112945905555
1.07177346254   0.103815948639
1.10956947207   0.0967902005921
1.148698355   0.0914242015555
1.189207115   0.0873520741143
1.23114441334   0.0842763377741
1.27456062732   0.0819582225192
1.31950791077   0.0802086469126
1.36604025675   0.078879967562
1.41421356237   0.077858559636
1.46408569595   0.0770582546106
1.51571656651   0.0764146393334
1.56916819579   0.07588020476
1.62450479271   0.0754203177646
1.68179283051   0.075009971384
1.74110112659   0.0746312469155
1.80250092522   0.0753747091247
1.86606598307   0.0739214482572
1.93187265785   0.0735751812809
2.0   0.073228410942
2.07052984768   0.0728784296015
2.14354692507   0.0725235652949
2.21913894414   0.0721627839159
2.29739670999   0.0717953932894
2.37841423001   0.0714207424013
2.46228882669   0.0710382760578
2.54912125464   0.0706487854103
2.63901582155   0.0702607228705
2.73208051351   0.0699540077074
2.82842712475   0.0699126476553
2.92817139189   0.0709436256363
3.03143313302   0.0670275112441
3.13833639159   0.0649473328729
3.24900958542   0.0620238438432
3.36358566101   0.057673187027
3.48220225318   0.0513729768546
3.60500185044   0.0425320065423
3.73213196615   0.0305289763757
3.8637453157   0.0148794712347
4.0   2.17182083055e-05
4.14105969537   1.73627742315e-05
4.28709385015   1.69057368491e-05
4.43827788827   1.74566958406e-05
4.59479341999   1.83800315447e-05
4.75682846001   1.94396594327e-05
4.92457765338   2.05510128103e-05
5.09824250928   2.16844011808e-05
5.27803164309   2.28291881433e-05
5.46416102702   2.39811720547e-05
5.65685424949   2.51383624601e-05
5.85634278378   2.62996329298e-05
6.06286626604   2.7464304311e-05
6.27667278317   2.86320111872e-05
6.49801917085   2.98026501108e-05
6.72717132203   3.09763524145e-05
6.96440450637   3.21534678658e-05
7.21000370089   3.33345566893e-05
7.46426393229   3.45203886245e-05
7.7274906314   3.57119457694e-05
8.0   3.69104235984e-05
8.28211939073   3.81172231199e-05
8.57418770029   3.93339274328e-05
8.87655577654   4.05622580946e-05
9.18958683998   4.18040102134e-05
9.51365692002   4.30609690584e-05
9.84915530676   4.433481417e-05
10.1964850186   4.56270186521e-05
10.5560632862   4.69387512257e-05
10.928322054   4.82707869434e-05
11.313708499   4.96234297815e-05
11.7126855676   5.09964473687e-05
12.1257325321   5.23890155339e-05
12.5533455663   5.37996686229e-05
12.9960383417   5.52262509202e-05
13.4543426441   5.66658650752e-05
13.9288090127   5.81148150954e-05
14.4200074018   5.95685439895e-05
14.9285278646   6.10215691519e-05
15.4549812628   6.24674216171e-05
16.0   6.38985978639e-05
16.5642387815   6.53065344132e-05
17.1483754006   6.66816156462e-05
17.7531115531   6.80132238458e-05
18.37917368   6.9289837547e-05
19.02731384   7.04991803255e-05
19.6983106135   7.16284178905e-05
20.3929700371   7.2664397571e-05
21.1121265724   7.3593921581e-05
21.8566441081   7.44040439947e-05
22.627416998   7.50823809707e-05
23.4253711351   7.5617423958e-05
24.2514650642   7.5998845945e-05
25.1066911327   7.62177909497e-05
25.9920766834   7.62671368767e-05
26.9086852881   7.61417217505e-05
27.8576180255   7.58385235157e-05
28.8400148035   7.53567843749e-05
29.8570557292   7.46980722346e-05
30.9099625256   7.38662742977e-05
32.0   7.28675210397e-05
33.1284775629   7.17100424739e-05
34.2967508012   7.04039623862e-05
35.5062231062   6.89610397177e-05
36.7583473599   6.73943691385e-05
38.0546276801   6.57180548179e-05
39.396621227   6.39468722822e-05
40.7859400742   6.20959330293e-05
42.2242531447   6.01803653154e-05
43.7132882161   5.82150224519e-05
45.2548339959   5.62142272931e-05
46.8507422703   5.41915586763e-05
48.5029301283   5.21596826611e-05
50.2133822654   5.01302287585e-05
51.9841533668   4.81137091066e-05
53.8173705762   4.61194768414e-05
55.715236051   4.41557187511e-05
57.6800296071   4.22294766667e-05
59.7141114584   4.03466918528e-05
61.8199250512   3.85122668354e-05
64.0   3.67301395338e-05
66.2569551258   3.5003365162e-05
68.5935016023   3.33342020482e-05
71.0124462123   3.17241982253e-05
73.5166947198   3.01742763238e-05
76.1092553602   2.86848149184e-05
78.7932424541   2.72557250229e-05
81.5718801484   2.58865208885e-05
84.4485062895   2.45763846367e-05
87.4265764323   2.33242245531e-05
90.5096679919   2.21287270965e-05
93.7014845405   2.09884028425e-05
97.0058602567   1.99016266935e-05
100.426764531   1.88666727622e-05
103.968306734   1.78817443742e-05
107.634741152   1.69449996528e-05
111.430472102   1.60545731445e-05
115.360059214   1.52085939288e-05
119.428222917   1.44052006317e-05
123.639850102   1.36425537321e-05
128.0   1.29188455167e-05
132.513910252   1.22323080059e-05
137.187003205   1.15812191404e-05
142.024892425   1.09639074841e-05
147.03338944   1.03787556707e-05
152.21851072   9.82420279264e-06
157.586484908   9.2987459042e-06
163.143760297   8.80094079068e-06
168.897012579   8.32940213127e-06
174.853152865   7.8828031678e-06
181.019335984   7.45987497388e-06
187.402969081   7.05940540538e-06
194.011720513   6.68023780078e-06
200.853529062   6.32126948907e-06
207.936613467   5.98145015395e-06
215.269482305   5.65978009469e-06
222.860944204   5.35530841759e-06
230.720118428   5.06713118581e-06
238.856445833   4.79438955059e-06
247.279700205   4.53626788248e-06
256.0   4.29199191763e-06
265.027820503   4.06082693137e-06
274.374006409   3.84207594841e-06
284.049784849   3.63507799707e-06
294.066778879   3.43920641324e-06
304.437021441   3.25386719798e-06
315.172969816   3.07849743175e-06
326.287520594   2.91256374701e-06
337.794025158   2.75556086027e-06
349.706305729   2.60701016382e-06
362.038671968   2.46645837695e-06
374.805938162   2.33347625602e-06
388.023441027   2.20765736223e-06
401.707058123   2.08861688598e-06
415.873226934   1.97599052606e-06
430.53896461   1.86943342232e-06
445.721888408   1.76861913972e-06
461.440236857   1.67323870222e-06
477.712891667   1.58299967432e-06
494.55940041   1.49762528866e-06
512.0   1.41685361747e-06
530.055641007   1.34043678617e-06
548.748012819   1.26814022719e-06
568.099569699   1.1997419722e-06
588.133557758   1.13503198089e-06
608.874042881   1.07381150472e-06
630.345939633   1.0158924838e-06
652.575041187   9.61096975434e-07
675.588050316   9.09256612598e-07
699.412611458   8.60212091061e-07
724.077343935   8.13812683539e-07
749.611876324   7.69915779604e-07
776.046882053   7.28386450004e-07
803.414116246   6.89097034142e-07
831.746453869   6.51926749527e-07
861.07792922   6.16761322047e-07
891.443776815   5.8349263598e-07
922.880473713   5.52018402718e-07
955.425783334   5.22241847211e-07
989.118800819   4.94071411207e-07
1024.0   4.67420472392e-07
1060.11128201   4.42207078601e-07
1097.49602564   4.18353696286e-07
1136.1991394   3.95786972493e-07
1176.26711552   3.74437509633e-07
1217.74808576   3.54239652344e-07
1260.69187927   3.35131285831e-07
1305.15008237   3.17053645039e-07
1351.17610063   2.99951134102e-07
1398.82522292   2.83771155504e-07
1448.15468787   2.68463948444e-07
1499.22375265   2.53982435893e-07
1552.09376411   2.402820799e-07
1606.82823249   2.27320744685e-07
1663.49290774   2.15058567109e-07
1722.15585844   2.03457834125e-07
1782.88755363   1.92482866831e-07
1845.76094743   1.82099910776e-07
1910.85156667   1.72277032169e-07
1978.23760164   1.62984019695e-07
2048.0   1.54192291617e-07
2120.22256403   1.45874807883e-07
2194.99205127   1.38005986982e-07
2272.39827879   1.30561627275e-07
2352.53423103   1.2351883257e-07
2435.49617153   1.1685594171e-07
2521.38375853   1.10552461959e-07
2610.30016475   1.04589005981e-07
2702.35220126   9.89472322149e-08
2797.65044583   9.36097884667e-08
2896.30937574   8.85602585451e-08
2998.4475053   8.37831117726e-08
3104.18752821   7.92636552216e-08
3213.65646499   7.4987988526e-08
3326.98581548   7.09429611299e-08
3444.31171688   6.71161318427e-08
3565.77510726   6.34957305749e-08
3691.52189485   6.00706221387e-08
3821.70313333   5.68302720005e-08
3956.47520328   5.37647138807e-08
4096.0   5.08645191015e-08
