#z=10.0
#nu (Ryd)        Jnu (10^-21 erg s^-1 cm^-2 Hz^-1 sr^-1)
0.5   3.80060110522
0.517632461921   3.80357425574
0.535886731268   3.80752738965
0.554784736034   3.81266268458
0.574349177499   3.81922163043
0.594603557501   3.82735904161
0.615572206672   3.83754640581
0.63728031366   3.85001604136
0.659753955386   3.83969817668
0.683020128377   3.93631619404
0.707106781187   3.74731735277
0.732042847973   3.65391895918
0.757858283255   3.38048299126
0.784584097897   3.20679232152
0.812252396356   2.98793484691
0.840896415254   2.71338806331
0.870550563296   2.37221506568
0.901250462611   1.95205316049
0.933032991537   1.43909047569
0.965936328925   0.817998607368
1.0   0.00535909762017
1.03526492384   0.00486201454539
1.07177346254   0.00450391608363
1.10956947207   0.00423150611216
1.148698355   0.00402864088782
1.189207115   0.00388146796168
1.23114441334   0.0037782721578
1.27456062732   0.00370929070637
1.31950791077   0.00366651023629
1.36604025675   0.0036434560097
1.41421356237   0.00363498148682
1.46408569595   0.00363706442651
1.51571656651   0.00364661441209
1.56916819579   0.00366129585494
1.62450479271   0.00367936991412
1.68179283051   0.0036995580677
1.74110112659   0.00372092904212
1.80250092522   0.00376387803938
1.86606598307   0.00376471615968
1.93187265785   0.00378630889859
2.0   0.00380735599572
2.07052984768   0.00382771103402
2.14354692507   0.00384729421177
2.21913894414   0.00386607553519
2.29739670999   0.00388405802922
2.37841423001   0.00390126100702
2.46228882669   0.00391770485424
2.54912125464   0.0039333994653
2.63901582155   0.00394833823199
2.73208051351   0.00396249841022
2.82842712475   0.00397584713318
2.92817139189   0.00398835087
3.03143313302   0.00399998420124
3.13833639159   0.00401073202424
3.24900958542   0.00402053114484
3.36358566101   0.00402877477316
3.48220225318   0.00403110035371
3.60500185044   0.00400284209995
3.73213196615   0.00383040310554
3.8637453157   0.00307947525147
4.0   1.41070699594e-51
4.14105969537   2.99933283396e-49
4.28709385015   1.17173769202e-46
4.43827788827   3.36580196657e-44
4.59479341999   7.09773583844e-42
4.75682846001   1.10512730154e-39
4.92457765338   1.28163201056e-37
5.09824250928   1.11826654522e-35
5.27803164309   7.42022481198e-34
5.46416102702   3.78615116236e-32
5.65685424949   1.50245011259e-30
5.85634278378   4.69009208632e-29
6.06286626604   1.1649516123e-27
6.27667278317   2.32873781339e-26
6.49801917085   3.78883552928e-25
6.72717132203   5.07303667394e-24
6.96440450637   5.65075002201e-23
7.21000370089   5.29165239144e-22
7.46426393229   4.20870752718e-21
7.7274906314   2.87105760646e-20
8.0   1.69574590932e-19
8.28211939073   8.75011416221e-19
8.57418770029   3.97853407796e-18
8.87655577654   1.60703139501e-17
9.18958683998   5.81123461373e-17
9.51365692002   1.8950738423e-16
9.84915530676   5.61170787473e-16
10.1964850186   1.51882270477e-15
10.5560632862   3.78039472758e-15
10.928322054   8.70386830034e-15
11.313708499   1.86389358511e-14
11.7126855676   3.73184042237e-14
12.1257325321   7.02033647485e-14
12.5533455663   1.246678443e-13
12.9960383417   2.09912360973e-13
13.4543426441   3.36540010999e-13
13.9288090127   5.15804871956e-13
14.4200074018   7.58626618675e-13
14.9285278646   1.07452812313e-12
15.4549812628   1.47067340985e-12
16.0   1.95115751262e-12
16.5642387815   2.51664004788e-12
17.1483754006   3.16434220222e-12
17.7531115531   3.88836305371e-12
18.37917368   4.68022885025e-12
19.02731384   5.52957178912e-12
19.6983106135   6.42483940474e-12
20.3929700371   7.3539546189e-12
21.1121265724   8.30487211512e-12
21.8566441081   9.26600271848e-12
22.627416998   1.02264998319e-11
23.4253711351   1.11764187143e-11
24.2514650642   1.21067700923e-11
25.1066911327   1.30094948953e-11
25.9920766834   1.38773879297e-11
26.9086852881   1.47039963055e-11
27.8576180255   1.54835145437e-11
28.8400148035   1.62106934236e-11
29.8570557292   1.6880774415e-11
30.9099625256   1.74894564036e-11
32.0   1.80328966266e-11
33.1284775629   1.85077434612e-11
34.2967508012   1.891119511e-11
35.5062231062   1.92410754563e-11
36.7583473599   1.94959165707e-11
38.0546276801   1.96750366754e-11
39.396621227   1.97786028678e-11
40.7859400742   1.98076695256e-11
42.2242531447   1.97641858714e-11
43.7132882161   1.96509693464e-11
45.2548339959   1.94716448329e-11
46.8507422703   1.92305529419e-11
48.5029301283   1.89326331735e-11
50.2133822654   1.85832895167e-11
51.9841533668   1.81882468553e-11
53.8173705762   1.77534064373e-11
55.715236051   1.72847077989e-11
57.6800296071   1.67880031329e-11
59.7141114584   1.62689484092e-11
61.8199250512   1.57329138268e-11
64.0   1.518491457e-11
66.2569551258   1.46295615022e-11
68.5935016023   1.40710303946e-11
71.0124462123   1.3513047591e-11
73.5166947198   1.29588896087e-11
76.1092553602   1.24113940344e-11
78.7932424541   1.18729791268e-11
81.5718801484   1.13456697298e-11
84.4485062895   1.08311273826e-11
87.4265764323   1.03306828265e-11
90.5096679919   9.84536944535e-12
93.7014845405   9.37595648721e-12
97.0058602567   8.92298120235e-12
100.426764531   8.48677928179e-12
103.968306734   8.06751318898e-12
107.634741152   7.66519814679e-12
111.430472102   7.27972567498e-12
115.360059214   6.91088467429e-12
119.428222917   6.55838012691e-12
123.639850102   6.22184953396e-12
128.0   5.90087724341e-12
132.513910252   5.59500684063e-12
137.187003205   5.30375178163e-12
142.024892425   5.02660444889e-12
147.03338944   4.76304380446e-12
152.21851072   4.51254180529e-12
157.586484908   4.27456873456e-12
163.143760297   4.04859758948e-12
168.897012579   3.83410765317e-12
174.853152865   3.63058736464e-12
181.019335984   3.43753658846e-12
187.402969081   3.25446837379e-12
194.011720513   3.08091028107e-12
200.853529062   2.91640534517e-12
207.936613467   2.76051273407e-12
215.269482305   2.61280815469e-12
222.860944204   2.47288404963e-12
230.720118428   2.3403496228e-12
238.856445833   2.21483072604e-12
247.279700205   2.09596963402e-12
256.0   1.98342473062e-12
265.027820503   1.87687012633e-12
274.374006409   1.7759952229e-12
284.049784849   1.6805042391e-12
294.066778879   1.59011570886e-12
304.437021441   1.50456196125e-12
315.172969816   1.42358859011e-12
326.287520594   1.34695391959e-12
337.794025158   1.27442847086e-12
349.706305729   1.20579443398e-12
362.038671968   1.14084514838e-12
374.805938162   1.07938459442e-12
388.023441027   1.02122689805e-12
401.707058123   9.66195850052e-13
415.873226934   9.14124440937e-13
430.53896461   8.64854412215e-13
445.721888408   8.18235824526e-13
461.440236857   7.74126642825e-13
477.712891667   7.32392338684e-13
494.55940041   6.92905509575e-13
512.0   6.55545514943e-13
530.055641007   6.20198128709e-13
548.748012819   5.86755207838e-13
568.099569699   5.5511437651e-13
588.133557758   5.25178725405e-13
608.874042881   4.9685652559e-13
630.345939633   4.7006095647e-13
652.575041187   4.44709847258e-13
675.588050316   4.20725431413e-13
699.412611458   3.98034113503e-13
724.077343935   3.76566247947e-13
749.611876324   3.56255929106e-13
776.046882053   3.370407922e-13
803.414116246   3.18861824554e-13
831.746453869   3.01663186662e-13
861.07792922   2.85392042615e-13
891.443776815   2.69998399425e-13
922.880473713   2.55434954796e-13
955.425783334   2.41656952946e-13
989.118800819   2.28622048033e-13
1024.0   2.16290174846e-13
1060.11128201   2.04623426344e-13
1097.49602564   1.93585937725e-13
1136.1991394   1.83143776662e-13
1176.26711552   1.73264839408e-13
1217.74808576   1.63918752439e-13
1260.69187927   1.55076779369e-13
1305.15008237   1.46711732835e-13
1351.17610063   1.38797891119e-13
1398.82522292   1.31310919225e-13
1448.15468787   1.242277942e-13
1499.22375265   1.17526734461e-13
1552.09376411   1.11187132921e-13
1606.82823249   1.05189493702e-13
1663.49290774   9.95153722576e-14
1722.15585844   9.41473187119e-14
1782.88755363   8.90688242484e-14
1845.76094743   8.42642703829e-14
1910.85156667   7.97188809674e-14
1978.23760164   7.54186767784e-14
2048.0   7.13504325501e-14
2120.22256403   6.75016363231e-14
2194.99205127   6.38604509814e-14
2272.39827879   6.0415677863e-14
2352.53423103   5.71567223314e-14
2435.49617153   5.40735612012e-14
2521.38375853   5.11567119212e-14
2610.30016475   4.83972034174e-14
2702.35220126   4.57865485081e-14
2797.65044583   4.3316717806e-14
2896.30937574   4.0980115028e-14
2998.4475053   3.87695536353e-14
3104.18752821   3.66782347338e-14
3213.65646499   3.46997261656e-14
3326.98581548   3.28279427288e-14
3444.31171688   3.10571274628e-14
3565.77510726   2.93818339442e-14
3691.52189485   2.77969095365e-14
3821.70313333   2.62974795433e-14
3956.47520328   2.48789322169e-14
4096.0   2.35369045744e-14
