#z=2.95
#nu (Ryd)        Jnu (10^-21 erg s^-1 cm^-2 Hz^-1 sr^-1)
0.5   20.9798150116
0.517632461921   20.3490763767
0.535886731268   19.690260044
0.554784736034   19.0056602685
0.574349177499   18.2676294957
0.594603557501   17.4764114008
0.615572206672   16.63397398
0.63728031366   15.742734229
0.659753955386   14.8053951261
0.683020128377   13.8241525147
0.707106781187   12.8033512927
0.732042847973   11.5681278997
0.757858283255   10.1097059918
0.784584097897   8.9638822537
0.812252396356   7.78941530644
0.840896415254   6.5886504888
0.870550563296   5.36367017013
0.901250462611   4.11731283515
0.933032991537   2.85204092339
0.965936328925   1.56949891204
1.0   0.191546279051
1.03526492384   0.173130969567
1.07177346254   0.160933650618
1.10956947207   0.15121083654
1.148698355   0.143417976991
1.189207115   0.13711491173
1.23114441334   0.131950331828
1.27456062732   0.127647493607
1.31950791077   0.12399131961
1.36604025675   0.120816951943
1.41421356237   0.117999770247
1.46408569595   0.115446846151
1.51571656651   0.113089773562
1.56916819579   0.110878786527
1.62450479271   0.108778048706
1.68179283051   0.106761979213
1.74110112659   0.104812470685
1.80250092522   0.10458595657
1.86606598307   0.101067036508
1.93187265785   0.0992598716319
2.0   0.0975159139891
2.07052984768   0.0958674102541
2.14354692507   0.0943558106273
2.21913894414   0.0930182080382
2.29739670999   0.0919055050188
2.37841423001   0.0910909574467
2.46228882669   0.0906388244183
2.54912125464   0.090619498633
2.63901582155   0.0911059344287
2.73208051351   0.0926346550675
2.82842712475   0.0942498659142
2.92817139189   0.0958904665256
3.03143313302   0.0675546334602
3.13833639159   0.062623911918
3.24900958542   0.0569639291328
3.36358566101   0.0505115374514
3.48220225318   0.0432144922408
3.60500185044   0.035032458225
3.73213196615   0.0259396263936
3.8637453157   0.015927709495
4.0   0.00511743635176
4.14105969537   0.00345840618123
4.28709385015   0.00289972531391
4.43827788827   0.00267846813888
4.59479341999   0.00256537197663
4.75682846001   0.00248604775612
4.92457765338   0.00241739303682
5.09824250928   0.00235255025603
5.27803164309   0.0022895732907
5.46416102702   0.00222793068688
5.65685424949   0.00216748108702
5.85634278378   0.00210819152218
6.06286626604   0.00205006719768
6.27667278317   0.00199313713496
6.49801917085   0.00193745226811
6.72717132203   0.00188308468315
6.96440450637   0.00183012556928
7.21000370089   0.00177868181518
7.46426393229   0.00172887168097
7.7274906314   0.00168081990844
8.0   0.00163465243375
8.28211939073   0.00159049073025
8.57418770029   0.00154844580858
8.87655577654   0.00150861201812
9.18958683998   0.00147106095617
9.51365692002   0.00143583591407
9.84915530676   0.00140294731979
10.1964850186   0.00137236956472
10.5560632862   0.00134403945658
10.928322054   0.00131785636771
11.313708499   0.00129368399007
11.7126855676   0.0012713534917
12.1257325321   0.00125066780194
12.5533455663   0.0012314067312
12.9960383417   0.00121333264354
13.4543426441   0.00119619643604
13.9288090127   0.00117974362612
14.4200074018   0.00116372039458
14.9285278646   0.00114787946821
15.4549812628   0.00113198574299
16.0   0.00111582154405
16.5642387815   0.00109919139608
17.1483754006   0.00108192614894
17.7531115531   0.00106388628463
18.37917368   0.00104496423881
19.02731384   0.00102508560969
19.6983106135   0.00100420919781
20.3929700371   0.000982325906853
21.1121265724   0.000959456621073
21.8566441081   0.000935649241517
22.627416998   0.000910975102387
23.4253711351   0.000885524998381
24.2514650642   0.000859405039936
25.1066911327   0.000832732524242
25.9920766834   0.000805631974274
26.9086852881   0.000778231462158
27.8576180255   0.000750659300349
28.8400148035   0.000723041155595
29.8570557292   0.000695497616277
30.9099625256   0.000668142222977
32.0   0.000641079954451
33.1284775629   0.000614406146433
34.2967508012   0.000588205808843
35.5062231062   0.000562553298201
36.7583473599   0.000537512296367
38.0546276801   0.00051313604401
39.396621227   0.000489467777282
40.7859400742   0.000466541318435
42.2242531447   0.000444381775165
43.7132882161   0.000423006308659
45.2548339959   0.000402424936167
46.8507422703   0.000382641339953
48.5029301283   0.000363653660298
50.2133822654   0.000345455255654
51.9841533668   0.000328035417848
53.8173705762   0.00031138003434
55.715236051   0.000295472192973
57.6800296071   0.000280292727368
59.7141114584   0.000265820703241
61.8199250512   0.000252033847511
64.0   0.000238908923143
66.2569551258   0.000226422053438
68.5935016023   0.000214548999864
71.0124462123   0.000203265397759
73.5166947198   0.00019254695419
76.1092553602   0.000182369612178
78.7932424541   0.000172709685263
81.5718801484   0.000163543966124
84.4485062895   0.000154849812665
87.4265764323   0.000146605214683
90.5096679919   0.000138788843879
93.7014845405   0.000131380089734
97.0058602567   0.000124359083414
100.426764531   0.000117706711652
103.968306734   0.00011140462229
107.634741152   0.00010543522294
111.430472102   9.97816740212e-05
115.360059214   9.44278772693e-05
119.428222917   8.93584606322e-05
123.639850102   8.45587603482e-05
128.0   8.00148008691e-05
132.513910252   7.57132731925e-05
137.187003205   7.1641512073e-05
142.024892425   6.7787472505e-05
147.03338944   6.41397058005e-05
152.21851072   6.06873355308e-05
157.586484908   5.74200335479e-05
163.143760297   5.43279962616e-05
168.897012579   5.14019213139e-05
174.853152865   4.86329847586e-05
181.019335984   4.60128188336e-05
187.402969081   4.35334903876e-05
194.011720513   4.11874800096e-05
200.853529062   3.89676618918e-05
207.936613467   3.68672844447e-05
215.269482305   3.48799516774e-05
222.860944204   3.29996053404e-05
230.720118428   3.12205078302e-05
238.856445833   2.95372258423e-05
247.279700205   2.79446147616e-05
256.0   2.6437803769e-05
265.027820503   2.50121816488e-05
274.374006409   2.36633832712e-05
284.049784849   2.23872767301e-05
294.066778879   2.11799511101e-05
304.437021441   2.00377048599e-05
315.172969816   1.8957034748e-05
326.287520594   1.79346253747e-05
337.794025158   1.69673392174e-05
349.706305729   1.60522071861e-05
362.038671968   1.5186419664e-05
374.805938162   1.43673180125e-05
388.023441027   1.35923865174e-05
401.707058123   1.28592447556e-05
415.873226934   1.21656403616e-05
430.53896461   1.15094421742e-05
445.721888408   1.08886337445e-05
461.440236857   1.03013071867e-05
477.712891667   9.74565735455e-06
494.55940041   9.21997632733e-06
512.0   8.7226481882e-06
530.055641007   8.2521440811e-06
548.748012819   7.80701753105e-06
568.099569699   7.38590001428e-06
588.133557758   6.98749676518e-06
608.874042881   6.61058280752e-06
630.345939633   6.25399919827e-06
652.575041187   5.91664947263e-06
675.588050316   5.59749627984e-06
699.412611458   5.29555819937e-06
724.077343935   5.00990672821e-06
749.611876324   4.73966342991e-06
776.046882053   4.48399723689e-06
803.414116246   4.24212189778e-06
831.746453869   4.01329356208e-06
861.07792922   3.79680849473e-06
891.443776815   3.59200091373e-06
922.880473713   3.39824094411e-06
955.425783334   3.21493268213e-06
989.118800819   3.04151236367e-06
1024.0   2.87744663131e-06
1060.11128201   2.72223089479e-06
1097.49602564   2.57538777974e-06
1136.1991394   2.43646566008e-06
1176.26711552   2.30503726947e-06
1217.74808576   2.18069838759e-06
1260.69187927   2.06306659729e-06
1305.15008237   1.95178010869e-06
1351.17610063   1.84649664668e-06
1398.82522292   1.74689239841e-06
1448.15468787   1.65266101756e-06
1499.22375265   1.56351268222e-06
1552.09376411   1.47917320364e-06
1606.82823249   1.39938318305e-06
1663.49290774   1.32389721389e-06
1722.15585844   1.2524831271e-06
1782.88755363   1.18492127711e-06
1845.76094743   1.12100386633e-06
1910.85156667   1.06053430609e-06
1978.23760164   1.00332661202e-06
2048.0   9.49204832055e-07
2120.22256403   8.98002505289e-07
2194.99205127   8.49562150023e-07
2272.39827879   8.03734779413e-07
2352.53423103   7.60379443256e-07
2435.49617153   7.19362794476e-07
2521.38375853   6.8055867901e-07
2610.30016475   6.43847747804e-07
2702.35220126   6.0911708974e-07
2797.65044583   5.76259884364e-07
2896.30937574   5.4517507335e-07
2998.4475053   5.15767049672e-07
3104.18752821   4.8794536356e-07
3213.65646499   4.61624444301e-07
3326.98581548   4.3672333706e-07
3444.31171688   4.13165453884e-07
3565.77510726   3.90878338147e-07
3691.52189485   3.69793441698e-07
3821.70313333   3.49845914028e-07
3956.47520328   3.30974402815e-07
4096.0   3.13120865218e-07
