#z=4.0
#nu (Ryd)        Jnu (10^-21 erg s^-1 cm^-2 Hz^-1 sr^-1)
0.5   29.5394748384
0.517632461921   29.0297075389
0.535886731268   28.4741305027
0.554784736034   27.8342356541
0.574349177499   27.1032640381
0.594603557501   26.2751977928
0.615572206672   25.3450213875
0.63728031366   24.3078421128
0.659753955386   23.158619051
0.683020128377   21.8197417465
0.707106781187   20.4434832819
0.732042847973   18.7750354949
0.757858283255   16.6537959147
0.784584097897   14.914535292
0.812252396356   13.076053088
0.840896415254   11.1441182728
0.870550563296   9.1250884028
0.901250462611   7.02612348919
0.933032991537   4.78650799283
0.965936328925   2.54714038426
1.0   0.146284709582
1.03526492384   0.131693208511
1.07177346254   0.121518932178
1.10956947207   0.113622132889
1.148698355   0.107513442048
1.189207115   0.102792530425
1.23114441334   0.0991359809465
1.27456062732   0.0962858944835
1.31950791077   0.0940393903055
1.36604025675   0.0922390997918
1.41421356237   0.0907647030461
1.46408569595   0.0895255231436
1.51571656651   0.0884541679553
1.56916819579   0.0875011892412
1.62450479271   0.0866307081682
1.68179283051   0.0858169333696
1.74110112659   0.0850414732956
1.80250092522   0.08521616726
1.86606598307   0.0835573909017
1.93187265785   0.0828334293636
2.0   0.0821152663618
2.07052984768   0.0814001873731
2.14354692507   0.0806865655028
2.21913894414   0.0799738251843
2.29739670999   0.0792637999659
2.37841423001   0.0785666534727
2.46228882669   0.0779294922076
2.54912125464   0.0775330576918
2.63901582155   0.0777084735762
2.73208051351   0.0790271643703
2.82842712475   0.0810770176022
2.92817139189   0.0844041158521
3.03143313302   0.0693573513588
3.13833639159   0.0661475503155
3.24900958542   0.0618623393902
3.36358566101   0.0562516119287
3.48220225318   0.0491525296295
3.60500185044   0.0403292197838
3.73213196615   0.0279541641409
3.8637453157   0.0146925646893
4.0   0.000947658069931
4.14105969537   0.000610579086443
4.28709385015   0.000498643066296
4.43827788827   0.000458469911856
4.59479341999   0.000441636197903
4.75682846001   0.000432014359903
4.92457765338   0.000424475324828
5.09824250928   0.000417472576943
5.27803164309   0.000410573669333
5.46416102702   0.000403676072856
5.65685424949   0.000396770055966
5.85634278378   0.00038987079348
6.06286626604   0.000383000211489
6.27667278317   0.000376182616364
6.49801917085   0.000369443835425
6.72717132203   0.000362811102735
6.96440450637   0.000356313008992
7.21000370089   0.000349979376417
7.46426393229   0.000343841037046
7.7274906314   0.00033792949963
8.0   0.000332276478157
8.28211939073   0.000326913253637
8.57418770029   0.000321869858249
8.87655577654   0.00031717410303
9.18958683998   0.000312850506004
9.51365692002   0.000308919204692
9.84915530676   0.000305394946949
10.1964850186   0.000302286245084
10.5560632862   0.000299594754563
10.928322054   0.000297314907931
11.313708499   0.000295433805022
11.7126855676   0.000293931337544
12.1257325321   0.000292780512281
12.5533455663   0.000291947932035
12.9960383417   0.000291394395221
13.4543426441   0.000291075581459
13.9288090127   0.00029094279947
14.4200074018   0.000290943783178
14.9285278646   0.000291023530721
15.4549812628   0.00029112518752
16.0   0.00029119097737
16.5642387815   0.000291163183731
17.1483754006   0.000290985176477
17.7531115531   0.000290602468458
18.37917368   0.000289963773659
19.02731384   0.000289022028289
19.6983106135   0.000287735331087
20.3929700371   0.000286067761218
21.1121265724   0.000283990040647
21.8566441081   0.000281480019985
22.627416998   0.000278522979189
23.4253711351   0.000275111744261
24.2514650642   0.00027124662734
25.1066911327   0.00026693520051
25.9920766834   0.000262191914937
26.9086852881   0.000257037578051
27.8576180255   0.000251498703504
28.8400148035   0.000245606752024
29.8570557292   0.000239397285436
30.9099625256   0.000232909060413
32.0   0.000226183091865
33.1284775629   0.00021926171756
34.2967508012   0.000212187695185
35.5062231062   0.000205003360445
36.7583473599   0.000197749870349
38.0546276801   0.000190466550025
39.396621227   0.000183190354816
40.7859400742   0.000175955452798
42.2242531447   0.00016879292671
43.7132882161   0.000161730589057
45.2548339959   0.00015479290007
46.8507422703   0.000148000975445
48.5029301283   0.000141372669204
50.2133822654   0.000134922716577
51.9841533668   0.000128662922215
53.8173705762   0.00012260238014
55.715236051   0.000116747713382
57.6800296071   0.000111103322984
59.7141114584   0.000105671637944
61.8199250512   0.000100453359413
64.0   9.54476941455e-05
66.2569551258   9.0652573658e-05
68.5935016023   8.60648567923e-05
71.0124462123   8.16805144169e-05
73.5166947198   7.74947958134e-05
76.1092553602   7.35023769245e-05
78.7932424541   6.96974911027e-05
81.5718801484   6.60740433202e-05
84.4485062895   6.26257090074e-05
87.4265764323   5.93460188063e-05
90.5096679919   5.62284305669e-05
93.7014845405   5.32663899129e-05
97.0058602567   5.04533806562e-05
100.426764531   4.77829662721e-05
103.968306734   4.52488235616e-05
107.634741152   4.28447695332e-05
111.430472102   4.05647824404e-05
115.360059214   3.84030178133e-05
119.428222917   3.6353820232e-05
123.639850102   3.44117315e-05
128.0   3.25714957964e-05
132.513910252   3.082806231e-05
137.187003205   2.91765857928e-05
142.024892425   2.76124254096e-05
147.03338944   2.61311422064e-05
152.21851072   2.4728495475e-05
157.586484908   2.34004382474e-05
163.143760297   2.21431121201e-05
168.897012579   2.09528415755e-05
174.853152865   1.98261279397e-05
181.019335984   1.87596430957e-05
187.402969081   1.77502230472e-05
194.011720513   1.67948614143e-05
200.853529062   1.5890702925e-05
207.936613467   1.50350369572e-05
215.269482305   1.42252911713e-05
222.860944204   1.34590252688e-05
230.720118428   1.27339249018e-05
238.856445833   1.20477957538e-05
247.279700205   1.13985578063e-05
256.0   1.07842398001e-05
265.027820503   1.02029739009e-05
274.374006409   9.65299056956e-06
284.049784849   9.13261364071e-06
294.066778879   8.64025560798e-06
304.437021441   8.17441311393e-06
315.172969816   7.7336626413e-06
326.287520594   7.31665640106e-06
337.794025158   6.92211841209e-06
349.706305729   6.54884076696e-06
362.038671968   6.19568007747e-06
374.805938162   5.86155409376e-06
388.023441027   5.54543849033e-06
401.707058123   5.2463638124e-06
415.873226934   4.96341257595e-06
430.53896461   4.6957165149e-06
445.721888408   4.4424539689e-06
461.440236857   4.20284740535e-06
477.712891667   3.9761610695e-06
494.55940041   3.76169875654e-06
512.0   3.55880169987e-06
530.055641007   3.36684656987e-06
548.748012819   3.18524357782e-06
568.099569699   3.01343467961e-06
588.133557758   2.85089187437e-06
608.874042881   2.69711559311e-06
630.345939633   2.55163317287e-06
652.575041187   2.41399741194e-06
675.588050316   2.28378520193e-06
699.412611458   2.16059623288e-06
724.077343935   2.04405176732e-06
749.611876324   1.93379348e-06
776.046882053   1.82948235957e-06
803.414116246   1.73079766912e-06
831.746453869   1.63743596242e-06
861.07792922   1.54911015287e-06
891.443776815   1.46554863245e-06
922.880473713   1.38649443798e-06
955.425783334   1.31170446211e-06
989.118800819   1.24094870678e-06
1024.0   1.17400957677e-06
1060.11128201   1.11068121126e-06
1097.49602564   1.05076885139e-06
1136.1991394   9.94088241751e-07
1176.26711552   9.40465064226e-07
1217.74808576   8.89734402218e-07
1260.69187927   8.41740233772e-07
1305.15008237   7.96334951991e-07
1351.17610063   7.53378911285e-07
1398.82522292   7.12739998076e-07
1448.15468787   6.74293224627e-07
1499.22375265   6.37920344762e-07
1552.09376411   6.0350949031e-07
1606.82823249   5.70954827125e-07
1663.49290774   5.40156229668e-07
1722.15585844   5.11018973124e-07
1782.88755363   4.83453442115e-07
1845.76094743   4.5737485513e-07
1910.85156667   4.32703003801e-07
1978.23760164   4.09362006245e-07
2048.0   3.87280073708e-07
2120.22256403   3.66389289791e-07
2194.99205127   3.46625401579e-07
2272.39827879   3.27927622039e-07
2352.53423103   3.10238443077e-07
2435.49617153   2.93503458666e-07
2521.38375853   2.7767119753e-07
2610.30016475   2.62692964837e-07
2702.35220126   2.48522692441e-07
2797.65044583   2.35116797193e-07
2896.30937574   2.22434046901e-07
2998.4475053   2.10435433519e-07
3104.18752821   1.99084053169e-07
3213.65646499   1.88344992643e-07
3326.98581548   1.78185222026e-07
3444.31171688   1.68573493101e-07
3565.77510726   1.5948024325e-07
3691.52189485   1.50877504524e-07
3821.70313333   1.42738817626e-07
3956.47520328   1.35039150531e-07
4096.0   1.27754821497e-07
