#z=6.25
#nu (Ryd)        Jnu (10^-21 erg s^-1 cm^-2 Hz^-1 sr^-1)
0.5   32.0574459042
0.517632461921   31.8830181799
0.535886731268   31.690041501
0.554784736034   31.4428560371
0.574349177499   31.1297102297
0.594603557501   30.7373368259
0.615572206672   30.2508549864
0.63728031366   29.653672112
0.659753955386   28.9275503418
0.683020128377   28.0571951512
0.707106781187   26.9185379306
0.732042847973   25.5368619933
0.757858283255   23.2136328966
0.784584097897   21.4155740408
0.812252396356   19.3539733201
0.840896415254   17.0077861229
0.870550563296   14.3576228228
0.901250462611   11.3867957777
0.933032991537   8.08195449566
0.965936328925   4.43372834925
1.0   0.0885326914856
1.03526492384   0.0793398485658
1.07177346254   0.0726435464928
1.10956947207   0.0675152335453
1.148698355   0.0636334815067
1.189207115   0.0607310718187
1.23114441334   0.0585885870121
1.27456062732   0.0570281589681
1.31950791077   0.0559075212103
1.36604025675   0.0551144685105
1.41421356237   0.0545617891359
1.46408569595   0.0541827067751
1.51571656651   0.0539268507545
1.56916819579   0.0537567617773
1.62450479271   0.0536449316877
1.68179283051   0.0535713654987
1.74110112659   0.053521639716
1.80250092522   0.0538158840423
1.86606598307   0.0534553270778
1.93187265785   0.053426218889
2.0   0.0533945624149
2.07052984768   0.0533580581699
2.14354692507   0.0533153077961
2.21913894414   0.0532655322368
2.29739670999   0.0532083177527
2.37841423001   0.0531433952782
2.46228882669   0.0530704708433
2.54912125464   0.0529891245398
2.63901582155   0.0528987814788
2.73208051351   0.052799081675
2.82842712475   0.0526884401739
2.92817139189   0.0525680590293
3.03143313302   0.0523464103344
3.13833639159   0.0520299592826
3.24900958542   0.05143762424
3.36358566101   0.0502633017607
3.48220225318   0.0479538046111
3.60500185044   0.0435995400826
3.73213196615   0.035833736323
3.8637453157   0.0227734124079
4.0   5.58405818762e-21
4.14105969537   2.79238057731e-20
4.28709385015   1.9855200957e-19
4.43827788827   1.32076855941e-18
4.59479341999   8.11780865706e-18
4.75682846001   4.59248165592e-17
4.92457765338   2.39017821127e-16
5.09824250928   1.1453222993e-15
5.27803164309   5.05976955346e-15
5.46416102702   2.06429657804e-14
5.65685424949   7.79265425907e-14
5.85634278378   2.72763254817e-13
6.06286626604   8.87273107133e-13
6.27667278317   2.6886935886e-12
6.49801917085   7.60898497909e-12
6.72717132203   2.01622902641e-11
6.96440450637   5.01573905926e-11
7.21000370089   1.17458665031e-10
7.46426393229   2.59641309163e-10
7.7274906314   5.43234354448e-10
8.0   1.07871526363e-09
8.28211939073   2.03846355168e-09
8.57418770029   3.67560938483e-09
8.87655577654   6.34042820477e-09
9.18958683998   1.04900726754e-08
9.51365692002   1.66874346922e-08
9.84915530676   2.55860456908e-08
10.1964850186   3.79000783683e-08
10.5560632862   5.43612725347e-08
10.928322054   7.56672895992e-08
11.313708499   1.02427896146e-07
11.7126855676   1.35115994954e-07
12.1257325321   1.74029742088e-07
12.5533455663   2.19270075104e-07
12.9960383417   2.7073545269e-07
13.4543426441   3.28133061767e-07
13.9288090127   3.91003672778e-07
14.4200074018   4.58756004095e-07
14.9285278646   5.30705961976e-07
15.4549812628   6.06116351252e-07
16.0   6.84233401709e-07
16.5642387815   7.64317492146e-07
17.1483754006   8.45666564427e-07
17.7531115531   9.27631739298e-07
18.37917368   1.00962547073e-06
19.02731384   1.09112316104e-06
19.6983106135   1.1716595067e-06
20.3929700371   1.25082098851e-06
21.1121265724   1.32823590905e-06
21.8566441081   1.40356326761e-06
22.627416998   1.47648159328e-06
23.4253711351   1.54667866587e-06
24.2514650642   1.61384286219e-06
25.1066911327   1.67765668424e-06
25.9920766834   1.73779285776e-06
26.9086852881   1.79391323254e-06
27.8576180255   1.84567056557e-06
28.8400148035   1.89271311907e-06
29.8570557292   1.93469185535e-06
30.9099625256   1.97126985825e-06
32.0   2.00213345993e-06
33.1284775629   2.02700441209e-06
34.2967508012   2.04565232385e-06
35.5062231062   2.05790651437e-06
36.7583473599   2.06366641312e-06
38.0546276801   2.06290970016e-06
39.396621227   2.05569751727e-06
40.7859400742   2.04217629278e-06
42.2242531447   2.02257598721e-06
43.7132882161   1.99720485354e-06
45.2548339959   1.96644107913e-06
46.8507422703   1.93072190252e-06
48.5029301283   1.89053095194e-06
50.2133822654   1.84638462251e-06
51.9841533668   1.79881829494e-06
53.8173705762   1.74837311471e-06
55.715236051   1.69558391679e-06
57.6800296071   1.64096871924e-06
59.7141114584   1.58502004307e-06
61.8199250512   1.5281981607e-06
64.0   1.47092624553e-06
66.2569551258   1.41358729451e-06
68.5935016023   1.35652262717e-06
71.0124462123   1.30003172487e-06
73.5166947198   1.24437315943e-06
76.1092553602   1.18976636439e-06
78.7932424541   1.13639401985e-06
81.5718801484   1.0844048484e-06
84.4485062895   1.03391664946e-06
87.4265764323   9.85019431345e-07
90.5096679919   9.37778529907e-07
93.7014845405   8.92237630391e-07
97.0058602567   8.48421632692e-07
100.426764531   8.06339320362e-07
103.968306734   7.65985809933e-07
107.634741152   7.27344769959e-07
111.430472102   6.90390408849e-07
115.360059214   6.55089237719e-07
119.428222917   6.21401619407e-07
123.639850102   5.89283117961e-07
128.0   5.58685664801e-07
132.513910252   5.29558558492e-07
137.187003205   5.0184931516e-07
142.024892425   4.75504386029e-07
147.03338944   4.50469757745e-07
152.21851072   4.26691450026e-07
157.586484908   4.04115923985e-07
163.143760297   3.82690413215e-07
168.897012579   3.6236318848e-07
174.853152865   3.43083765639e-07
181.019335984   3.2480306532e-07
187.402969081   3.07473531799e-07
194.011720513   2.91049217593e-07
200.853529062   2.75485839395e-07
207.936613467   2.60740810238e-07
215.269482305   2.46773252058e-07
222.860944204   2.33543992249e-07
230.720118428   2.21015547254e-07
238.856445833   2.09152095794e-07
247.279700205   1.97919443917e-07
256.0   1.87284983723e-07
265.027820503   1.77217647311e-07
274.374006409   1.67687857236e-07
284.049784849   1.58667474562e-07
294.066778879   1.50129745392e-07
304.437021441   1.42049246605e-07
315.172969816   1.34401831402e-07
326.287520594   1.27164575132e-07
337.794025158   1.20315721794e-07
349.706305729   1.13834631521e-07
362.038671968   1.07701729268e-07
374.805938162   1.01898454904e-07
388.023441027   9.6407214837e-08
401.707058123   9.12113352575e-08
415.873226934   8.62950170762e-08
430.53896461   8.16432925863e-08
445.721888408   7.72419838675e-08
461.440236857   7.30776629291e-08
477.712891667   6.91376135765e-08
494.55940041   6.54097949748e-08
512.0   6.18828068718e-08
530.055641007   5.85458564403e-08
548.748012819   5.53887266912e-08
568.099569699   5.24017464059e-08
588.133557758   4.95757615363e-08
608.874042881   4.69021080157e-08
630.345939633   4.43725859256e-08
652.575041187   4.1979434963e-08
675.588050316   3.97153111516e-08
699.412611458   3.75732647429e-08
724.077343935   3.5546719253e-08
749.611876324   3.36294515831e-08
776.046882053   3.18155731718e-08
803.414116246   3.00995121308e-08
831.746453869   2.84759963157e-08
861.07792922   2.69400372857e-08
891.443776815   2.54869151085e-08
922.880473713   2.41121639678e-08
955.425783334   2.28115585329e-08
989.118800819   2.1581101051e-08
1024.0   2.04170091262e-08
1060.11128201   1.93157041482e-08
1097.49602564   1.82738003387e-08
1136.1991394   1.72880943825e-08
1176.26711552   1.63555556122e-08
1217.74808576   1.54733167183e-08
1260.69187927   1.46386649573e-08
1305.15008237   1.38490338299e-08
1351.17610063   1.31019952064e-08
1398.82522292   1.23952518743e-08
1448.15468787   1.17266304862e-08
1499.22375265   1.10940748863e-08
1552.09376411   1.04956397959e-08
1606.82823249   9.92948483827e-09
1663.49290774   9.39386888477e-09
1722.15585844   8.8871447055e-09
1782.88755363   8.40775390755e-09
1845.76094743   7.95422214589e-09
1910.85156667   7.52515459209e-09
1978.23760164   7.11923164708e-09
2048.0   6.73520488483e-09
2120.22256403   6.37189321462e-09
2194.99205127   6.02817925e-09
2272.39827879   5.70300587351e-09
2352.53423103   5.39537298648e-09
2435.49617153   5.10433443402e-09
2521.38375853   4.82899509583e-09
2610.30016475   4.56850813377e-09
2702.35220126   4.32207238782e-09
2797.65044583   4.08892991249e-09
2896.30937574   3.86836364603e-09
2998.4475053   3.65969520533e-09
3104.18752821   3.4622827997e-09
3213.65646499   3.27551925718e-09
3326.98581548   3.09883015732e-09
3444.31171688   2.93167206453e-09
3565.77510726   2.77353085687e-09
3691.52189485   2.62392014487e-09
3821.70313333   2.48237977563e-09
3956.47520328   2.34847441766e-09
4096.0   2.22179222198e-09
