#z=5.8
#nu (Ryd)        Jnu (10^-21 erg s^-1 cm^-2 Hz^-1 sr^-1)
0.5   33.185302155
0.517632461921   32.9791920507
0.535886731268   32.7252915571
0.554784736034   32.407284532
0.574349177499   32.0130948102
0.594603557501   31.5292385626
0.615572206672   30.9408935645
0.63728031366   30.2318749312
0.659753955386   29.2852943208
0.683020128377   28.2713167152
0.707106781187   27.082767447
0.732042847973   25.5736626107
0.757858283255   23.1594616867
0.784584097897   21.2501704311
0.812252396356   19.091995311
0.840896415254   16.6707148396
0.870550563296   13.9747780955
0.901250462611   10.9959576438
0.933032991537   7.5398507552
0.965936328925   3.98013555874
1.0   0.0995221178959
1.03526492384   0.0886579301379
1.07177346254   0.0812235001735
1.10956947207   0.0755291688188
1.148698355   0.0712152631809
1.189207115   0.0679835740571
1.23114441334   0.0655898846243
1.27456062732   0.0638367412782
1.31950791077   0.0625666217694
1.36604025675   0.0616556071767
1.41421356237   0.0610076230019
1.46408569595   0.0605492843434
1.51571656651   0.0602253604529
1.56916819579   0.0599948615725
1.62450479271   0.0598277409286
1.68179283051   0.0597021927596
1.74110112659   0.0596025110422
1.80250092522   0.0602853510112
1.86606598307   0.0594390388916
1.93187265785   0.0593616801062
2.0   0.0592815724452
2.07052984768   0.0591962367074
2.14354692507   0.059104157139
2.21913894414   0.0590044694631
2.29739670999   0.0588966843049
2.37841423001   0.0587804519098
2.46228882669   0.0586553820115
2.54912125464   0.0585209221553
2.63901582155   0.0583759131471
2.73208051351   0.0582204315656
2.82842712475   0.0580530454037
2.92817139189   0.0578793019109
3.03143313302   0.0574368338566
3.13833639159   0.0568496290093
3.24900958542   0.0557884073918
3.36358566101   0.0538431795992
3.48220225318   0.0503658759229
3.60500185044   0.0444157370439
3.73213196615   0.0327819486568
3.8637453157   0.0167215269302
4.0   5.20208837557e-15
4.14105969537   1.00380966495e-14
4.28709385015   3.19415108431e-14
4.43827788827   9.90598725412e-14
4.59479341999   2.95450984192e-13
4.75682846001   8.4358018642e-13
4.92457765338   2.30276106438e-12
5.09824250928   6.00886808614e-12
5.27803164309   1.49931418435e-11
5.46416102702   3.57911181163e-11
5.65685424949   8.17948157479e-11
5.85634278378   1.79092584273e-10
6.06286626604   3.76017349618e-10
6.27667278317   7.57764865942e-10
6.49801917085   1.46727987284e-09
6.72717132203   2.73296238325e-09
6.96440450637   4.90250752064e-09
7.21000370089   8.48040625736e-09
7.46426393229   1.41645724888e-08
7.7274906314   2.28757201755e-08
8.0   3.57721123961e-08
8.28211939073   5.42426944886e-08
8.57418770029   7.98736720463e-08
8.87655577654   1.1438712541e-07
9.18958683998   1.59554635355e-07
9.51365692002   2.17093200184e-07
9.84915530676   2.88553992959e-07
10.1964850186   3.75216031252e-07
10.5560632862   4.77996341099e-07
10.928322054   5.97385893963e-07
11.313708499   7.33417044128e-07
11.7126855676   8.85664127594e-07
12.1257325321   1.05327501099e-06
12.5533455663   1.23502824502e-06
12.9960383417   1.42940839962e-06
13.4543426441   1.63469123307e-06
13.9288090127   1.8490304903e-06
14.4200074018   2.07053913094e-06
14.9285278646   2.29735938409e-06
15.4549812628   2.52771792426e-06
16.0   2.75996439457e-06
16.5642387815   2.99259325012e-06
17.1483754006   3.22425030563e-06
17.7531115531   3.4537263679e-06
18.37917368   3.67994090456e-06
19.02731384   3.90191889363e-06
19.6983106135   4.11876389442e-06
20.3929700371   4.32963008016e-06
21.1121265724   4.53369556865e-06
21.8566441081   4.73013895204e-06
22.627416998   4.91812050703e-06
23.4253711351   5.0967691798e-06
24.2514650642   5.26517608724e-06
25.1066911327   5.42239494474e-06
25.9920766834   5.56744950733e-06
26.9086852881   5.69934778441e-06
27.8576180255   5.81710245401e-06
28.8400148035   5.91975656369e-06
29.8570557292   6.00641327478e-06
30.9099625256   6.07626810179e-06
32.0   6.12864184755e-06
33.1284775629   6.16301226406e-06
34.2967508012   6.17904241381e-06
35.5062231062   6.17660379131e-06
36.7583473599   6.15579251022e-06
38.0546276801   6.11693726743e-06
39.396621227   6.06059833859e-06
40.7859400742   5.98755749466e-06
42.2242531447   5.89879938787e-06
43.7132882161   5.79548556363e-06
45.2548339959   5.67892274162e-06
46.8507422703   5.55052732239e-06
48.5029301283   5.41178819107e-06
50.2133822654   5.26422981249e-06
51.9841533668   5.10937737299e-06
53.8173705762   4.94872537136e-06
55.715236051   4.7837106497e-06
57.6800296071   4.61569043544e-06
59.7141114584   4.44592558013e-06
61.8199250512   4.27556885725e-06
64.0   4.10565793517e-06
66.2569551258   3.93711247458e-06
68.5935016023   3.77073470661e-06
71.0124462123   3.60721281743e-06
73.5166947198   3.44712648178e-06
76.1092553602   3.29095393943e-06
78.7932424541   3.13908007998e-06
81.5718801484   2.9918050838e-06
84.4485062895   2.84935325053e-06
87.4265764323   2.71188172693e-06
90.5096679919   2.57948891839e-06
93.7014845405   2.4522224313e-06
97.0058602567   2.33008644655e-06
100.426764531   2.21304846726e-06
103.968306734   2.10104541712e-06
107.634741152   1.99398909174e-06
111.430472102   1.89177098323e-06
115.360059214   1.79426651143e-06
119.428222917   1.7013387032e-06
123.639850102   1.61284136556e-06
128.0   1.52862180052e-06
132.513910252   1.44852310904e-06
137.187003205   1.37238613014e-06
142.024892425   1.30005105838e-06
147.03338944   1.23135878016e-06
152.21851072   1.16615196554e-06
157.586484908   1.10427594901e-06
163.143760297   1.04557942898e-06
168.897012579   9.89915012552e-07
174.853152865   9.37139628867e-07
181.019335984   8.8711483166e-07
187.402969081   8.39707008697e-07
194.011720513   7.94787513658e-07
200.853529062   7.52232733779e-07
207.936613467   7.11924104695e-07
215.269482305   6.73748082303e-07
222.860944204   6.37596079968e-07
230.720118428   6.0336437817e-07
238.856445833   5.70954012551e-07
247.279700205   5.40270645415e-07
256.0   5.1122442488e-07
265.027820503   4.83729835206e-07
274.374006409   4.57705541215e-07
284.049784849   4.33074229202e-07
294.066778879   4.09762446322e-07
304.437021441   3.87700440033e-07
315.172969816   3.6682199892e-07
326.287520594   3.47064295897e-07
337.794025158   3.28367734624e-07
349.706305729   3.10675799753e-07
362.038671968   2.93934911469e-07
374.805938162   2.78094284692e-07
388.023441027   2.63105793152e-07
401.707058123   2.48923838514e-07
415.873226934   2.35505224614e-07
430.53896461   2.22809036839e-07
445.721888408   2.10796526624e-07
461.440236857   1.99431001005e-07
477.712891667   1.88677717135e-07
494.55940041   1.7850378165e-07
512.0   1.68878054757e-07
530.055641007   1.59771058887e-07
548.748012819   1.51154891782e-07
568.099569699   1.43003143828e-07
588.133557758   1.35290819497e-07
608.874042881   1.27994262714e-07
630.345939633   1.21091085996e-07
652.575041187   1.14560103194e-07
675.588050316   1.08381265681e-07
699.412611458   1.02535601823e-07
724.077343935   9.70051595914e-08
749.611876324   9.17729521522e-08
776.046882053   8.68229063046e-08
803.414116246   8.21398136181e-08
831.746453869   7.770928414e-08
861.07792922   7.35177025445e-08
891.443776815   6.95521866003e-08
922.880473713   6.58005478381e-08
955.425783334   6.22512543072e-08
989.118800819   5.88933953117e-08
1024.0   5.57166480264e-08
1060.11128201   5.27112458927e-08
1097.49602564   4.98679487023e-08
1136.1991394   4.71780142808e-08
1176.26711552   4.46331716869e-08
1217.74808576   4.22255958464e-08
1260.69187927   3.99478835467e-08
1305.15008237   3.7793030719e-08
1351.17610063   3.57544109395e-08
1398.82522292   3.38257550855e-08
1448.15468787   3.20011320844e-08
1499.22375265   3.0274930698e-08
1552.09376411   2.86418422858e-08
1606.82823249   2.70968444957e-08
1663.49290774   2.56351858327e-08
1722.15585844   2.42523710574e-08
1782.88755363   2.29441473714e-08
1845.76094743   2.17064913463e-08
1910.85156667   2.05355965565e-08
1978.23760164   1.94278618783e-08
2048.0   1.83798804199e-08
2120.22256403   1.73884290471e-08
2194.99205127   1.64504584739e-08
2272.39827879   1.55630838874e-08
2352.53423103   1.47235760773e-08
2435.49617153   1.39293530447e-08
2521.38375853   1.31779720618e-08
2610.30016475   1.24671221613e-08
2702.35220126   1.17946170293e-08
2797.65044583   1.11583882825e-08
2896.30937574   1.05564791071e-08
2998.4475053   9.98703824142e-09
3104.18752821   9.44831428241e-09
3213.65646499   8.93865029966e-09
3326.98581548   8.45647873957e-09
3444.31171688   8.00031660448e-09
3565.77510726   7.56876089178e-09
3691.52189485   7.16048427902e-09
3821.70313333   6.77423104169e-09
3956.47520328   6.40881319125e-09
4096.0   6.06310682136e-09
