#z=8.05
#nu (Ryd)        Jnu (10^-21 erg s^-1 cm^-2 Hz^-1 sr^-1)
0.5   23.5319645232
0.517632461921   23.5559082569
0.535886731268   23.5637189777
0.554784736034   58.0855189718
0.574349177499   23.3502441276
0.594603557501   23.2008937493
0.615572206672   23.0008882871
0.63728031366   22.6820720801
0.659753955386   22.3264602968
0.683020128377   21.8795993714
0.707106781187   21.3047932174
0.732042847973   20.5517946102
0.757858283255   18.816754008
0.784584097897   17.5958875024
0.812252396356   16.1294918466
0.840896415254   14.3815616244
0.870550563296   12.0782483179
0.901250462611   9.6219812749
0.933032991537   6.76329715097
0.965936328925   3.45848609149
1.0   0.0486079480768
1.03526492384   0.0429509475332
1.07177346254   0.0394041903253
1.10956947207   0.0366891391996
1.148698355   0.0346411401822
1.189207115   0.0331216234945
1.23114441334   0.0320154746679
1.27456062732   0.0312283322498
1.31950791077   0.0306839107398
1.36604025675   0.0303214238011
1.41421356237   0.0300931610088
1.46408569595   0.0299622541621
1.51571656651   0.0299006573181
1.56916819579   0.0298873571954
1.62450479271   0.0299068252264
1.68179283051   0.0299477168392
1.74110112659   0.0300018157567
1.80250092522   0.0307074164878
1.86606598307   0.0301276807252
1.93187265785   0.0301922525828
2.0   0.0302548904774
2.07052984768   0.0303142722884
2.14354692507   0.0303696157736
2.21913894414   0.0304205271828
2.29739670999   0.0304668592316
2.37841423001   0.0305085788788
2.46228882669   0.0305456551748
2.54912125464   0.030577981115
2.63901582155   0.0306053401396
2.73208051351   0.0306274192757
2.82842712475   0.0306438547115
2.92817139189   0.0306542643132
3.03143313302   0.0306569436639
3.13833639159   0.030647243309
3.24900958542   0.0306034953724
3.36358566101   0.0304479643255
3.48220225318   0.0298038188012
3.60500185044   0.0280227641382
3.73213196615   0.0232946280342
3.8637453157   0.0119658985869
4.0   1.58240323603e-37
4.14105969537   9.83015696001e-37
4.28709385015   7.29077226926e-35
4.43827788827   4.43978514707e-33
4.59479341999   2.20234646506e-31
4.75682846001   8.89913884484e-30
4.92457765338   2.93897884915e-28
5.09824250928   7.97146069825e-27
5.27803164309   1.78581599725e-25
5.46416102702   3.32497398393e-24
5.65685424949   5.17909131636e-23
5.85634278378   6.7954088749e-22
6.06286626604   7.56386990644e-21
6.27667278317   7.19390801184e-20
6.49801917085   5.88888261232e-19
6.72717132203   4.17933529753e-18
6.96440450637   2.59017517048e-17
7.21000370089   1.41189461992e-16
7.46426393229   6.81670958384e-16
7.7274906314   2.93510386961e-15
8.0   1.13459272229e-14
8.28211939073   3.96295508634e-14
8.57418770029   1.25848918531e-13
8.87655577654   3.65515973025e-13
9.18958683998   9.76444571702e-13
9.51365692002   2.41219139643e-12
9.84915530676   5.53884194206e-12
10.1964850186   1.18788381849e-11
10.5560632862   2.39040355382e-11
10.928322054   4.53316541886e-11
11.313708499   8.13503918137e-11
11.7126855676   1.38692075011e-10
12.1257325321   2.25477036588e-10
12.5533455663   3.50800974458e-10
12.9960383417   5.2408841445e-10
13.4543426441   7.54295580487e-10
13.9288090127   1.04908459558e-09
14.4200074018   1.41409928699e-09
14.9285278646   1.85244956541e-09
15.4549812628   2.36446597341e-09
16.0   2.94773342875e-09
16.5642387815   3.59736739058e-09
17.1483754006   4.30646545415e-09
17.7531115531   5.06665523493e-09
18.37917368   5.86866286265e-09
19.02731384   6.70284039869e-09
19.6983106135   7.55960952464e-09
20.3929700371   8.42979840353e-09
21.1121265724   9.30486568703e-09
21.8566441081   1.01770187116e-08
22.627416998   1.10392416286e-08
23.4253711351   1.18852539307e-08
24.2514650642   1.27094213425e-08
25.1066911327   1.35066402375e-08
25.9920766834   1.4272214452e-08
26.9086852881   1.50017402733e-08
27.8576180255   1.56910119472e-08
28.8400148035   1.63359565693e-08
29.8570557292   1.6932603823e-08
30.9099625256   1.74770927551e-08
32.0   1.7965714637e-08
33.1284775629   1.83949879836e-08
34.2967508012   1.87617590709e-08
35.5062231062   1.90633189794e-08
36.7583473599   1.92975264949e-08
38.0546276801   1.94629253807e-08
39.396621227   1.95588447641e-08
40.7859400742   1.95854727495e-08
42.2242531447   1.95438957752e-08
43.7132882161   1.9436099422e-08
45.2548339959   1.92649299497e-08
46.8507422703   1.90340193248e-08
48.5029301283   1.87476794763e-08
50.2133822654   1.84107736408e-08
51.9841533668   1.80285737796e-08
53.8173705762   1.7606613155e-08
55.715236051   1.71505423954e-08
57.6800296071   1.66659959802e-08
59.7141114584   1.61584743237e-08
61.8199250512   1.56332447703e-08
64.0   1.50952630603e-08
66.2569551258   1.45491153158e-08
68.5935016023   1.39989794201e-08
71.0124462123   1.34486038354e-08
73.5166947198   1.29013014069e-08
76.1092553602   1.2359955485e-08
78.7932424541   1.18270357037e-08
81.5718801484   1.13046209158e-08
84.4485062895   1.07944270525e-08
87.4265764323   1.02978379928e-08
90.5096679919   9.81593786516e-09
93.7014845405   9.34954352831e-09
97.0058602567   8.89923627796e-09
100.426764531   8.46539208813e-09
103.968306734   8.04820991775e-09
107.634741152   7.64773779443e-09
111.430472102   7.26389653103e-09
115.360059214   6.89650104061e-09
119.428222917   6.54527929621e-09
123.639850102   6.20988903912e-09
128.0   5.88993237705e-09
132.513910252   5.5849684358e-09
137.187003205   5.29452423916e-09
142.024892425   5.01810399364e-09
147.03338944   4.75519695116e-09
152.21851072   4.50528401408e-09
157.586484908   4.2678432367e-09
163.143760297   4.04235436463e-09
168.897012579   3.82830254078e-09
174.853152865   3.62518129334e-09
181.019335984   3.43249490895e-09
187.402969081   3.24976028188e-09
194.011720513   3.07650831942e-09
200.853529062   2.91228497307e-09
207.936613467   2.75665195631e-09
215.269482305   2.60918720132e-09
222.860944204   2.46948509972e-09
230.720118428   2.33715656605e-09
238.856445833   2.21182895694e-09
247.279700205   2.09314587403e-09
256.0   1.98076687439e-09
265.027820503   1.87436710852e-09
274.374006409   1.77363690278e-09
284.049784849   1.67828130033e-09
294.066778879   1.5880195723e-09
304.437021441   1.50258470901e-09
315.172969816   1.42172289923e-09
326.287520594   1.34519300397e-09
337.794025158   1.2727660303e-09
349.706305729   1.20422460939e-09
362.038671968   1.13936248224e-09
374.805938162   1.07798399582e-09
388.023441027   1.01990361166e-09
401.707058123   9.64945428518e-10
415.873226934   9.12942720232e-10
430.53896461   8.63737489575e-10
445.721888408   8.17180038627e-10
461.440236857   7.73128555922e-10
477.712891667   7.31448720463e-10
494.55940041   6.92013322523e-10
512.0   6.54701901033e-10
530.055641007   6.19400397266e-10
548.748012819   5.86000824444e-10
568.099569699   5.54400952824e-10
588.133557758   5.24504009813e-10
608.874042881   4.96218394588e-10
630.345939633   4.69457406706e-10
652.575041187   4.44138988166e-10
675.588050316   4.20185478389e-10
699.412611458   3.97523381557e-10
724.077343935   3.76083145805e-10
749.611876324   3.55798953707e-10
776.046882053   3.36608523565e-10
803.414116246   3.18452920984e-10
831.746453869   3.01276380253e-10
861.07792922   2.85026135051e-10
891.443776815   2.69652258034e-10
922.880473713   2.55107508855e-10
955.425783334   2.41347190198e-10
989.118800819   2.28329011428e-10
1024.0   2.16012959461e-10
1060.11128201   2.04361176496e-10
1097.49602564   1.93337844245e-10
1136.1991394   1.82909074332e-10
1176.26711552   1.73042804539e-10
1217.74808576   1.63708700594e-10
1260.69187927   1.54878063207e-10
1305.15008237   1.46523740088e-10
1351.17610063   1.38620042671e-10
1398.82522292   1.31142667306e-10
1448.15468787   1.24068620677e-10
1499.22375265   1.17376149228e-10
1552.09376411   1.1104467237e-10
1606.82823249   1.05054719287e-10
1663.49290774   9.93878691351e-11
1722.15585844   9.40266944523e-11
1782.88755363   8.89547076229e-11
1845.76094743   8.4156310214e-11
1910.85156667   7.96167450436e-11
1978.23760164   7.5322050827e-11
2048.0   7.12590192672e-11
2120.22256403   6.7415154455e-11
2194.99205127   6.37786344572e-11
2272.39827879   6.03382749738e-11
2352.53423103   5.70834949538e-11
2435.49617153   5.40042840635e-11
2521.38375853   5.10911719088e-11
2610.30016475   4.83351989164e-11
2702.35220126   4.5727888784e-11
2797.65044583   4.32612224164e-11
2896.30937574   4.09276132666e-11
2998.4475053   3.87198840066e-11
3104.18752821   3.66312444555e-11
3213.65646499   3.46552706987e-11
3326.98581548   3.27858853322e-11
3444.31171688   3.1017338773e-11
3565.77510726   2.93441915767e-11
3691.52189485   2.77612977092e-11
3821.70313333   2.62637887206e-11
3956.47520328   2.48470587723e-11
4096.0   2.35067504716e-11
