#z=3.8
#nu (Ryd)        Jnu (10^-21 erg s^-1 cm^-2 Hz^-1 sr^-1)
0.5   28.2634641123
0.517632461921   27.7102151338
0.535886731268   27.1291790256
0.554784736034   26.4663189993
0.574349177499   25.7163964009
0.594603557501   24.8751725227
0.615572206672   23.9380609664
0.63728031366   22.9012649563
0.659753955386   21.7171748675
0.683020128377   20.4761631593
0.707106781187   19.1405238107
0.732042847973   17.5089925416
0.757858283255   15.4921523178
0.784584097897   13.8441026041
0.812252396356   12.1138795511
0.840896415254   10.3072344813
0.870550563296   8.43005410008
0.901250462611   6.4451485341
0.933032991537   4.44529097777
0.965936328925   2.39364267319
1.0   0.152263658227
1.03526492384   0.137903312646
1.07177346254   0.127408098269
1.10956947207   0.119231195286
1.148698355   0.112872189489
1.189207115   0.10792250836
1.23114441334   0.104052726337
1.27456062732   0.101000679874
1.31950791077   0.0985605510572
1.36604025675   0.0965730145107
1.41421356237   0.0949164929739
1.46408569595   0.0934995315408
1.51571656651   0.0922542747552
1.56916819579   0.0911310090342
1.62450479271   0.0900937107987
1.68179283051   0.0891165166103
1.74110112659   0.0881810072199
1.80250092522   0.0878300050818
1.86606598307   0.0863869469171
1.93187265785   0.085513089739
2.0   0.0846484823152
2.07052984768   0.083790495665
2.14354692507   0.0829379877863
2.21913894414   0.0820921442997
2.29739670999   0.0812618741603
2.37841423001   0.0804893160821
2.46228882669   0.0799176579598
2.54912125464   0.0797924794464
2.63901582155   0.0802228961497
2.73208051351   0.0817962981159
2.82842712475   0.0840814436627
2.92817139189   0.0875683454816
3.03143313302   0.0697359393219
3.13833639159   0.0662744982077
3.24900958542   0.0617839705891
3.36358566101   0.056063624823
3.48220225318   0.0489196400792
3.60500185044   0.0391934023917
3.73213196615   0.0285206928378
3.8637453157   0.0159173139537
4.0   0.00144738453505
4.14105969537   0.000937661219591
4.28709385015   0.000764197292254
4.43827788827   0.000700605044898
4.59479341999   0.000672645525098
4.75682846001   0.000655747583803
4.92457765338   0.000642132282188
5.09824250928   0.000629452762773
5.27803164309   0.000617041756478
5.46416102702   0.000604728868019
5.65685424949   0.000592485735112
5.85634278378   0.000580324932756
6.06286626604   0.000568272544926
6.27667278317   0.000556360818624
6.49801917085   0.000544625888756
6.72717132203   0.000533106697624
6.96440450637   0.000521844233197
7.21000370089   0.000510880919778
7.46426393229   0.000500260100201
7.7274906314   0.000490025522163
8.0   0.000480220715149
8.28211939073   0.000470888154139
8.57418770029   0.000462068153629
8.87655577654   0.000453797505632
9.18958683998   0.00044610794605
9.51365692002   0.000439024584353
9.84915530676   0.000432564449645
10.1964850186   0.000426735290833
10.5560632862   0.000421534728872
10.928322054   0.000416949808511
11.313708499   0.000412956948959
11.7126855676   0.000409522256245
12.1257325321   0.000406602138203
12.5533455663   0.00040414415528
12.9960383417   0.000402088043497
13.4543426441   0.000400366856504
13.9288090127   0.000398908188287
14.4200074018   0.000397635453732
14.9285278646   0.000396469218309
15.4549812628   0.000395328577797
16.0   0.000394132592052
16.5642387815   0.000392801771715
17.1483754006   0.000391259603512
17.7531115531   0.000389434081042
18.37917368   0.000387259188714
19.02731384   0.000384676272868
19.6983106135   0.000381635231045
20.3929700371   0.000378095459281
21.1121265724   0.000374026515846
21.8566441081   0.000369408482702
22.627416998   0.000364232027632
23.4253711351   0.000358498186401
24.2514650642   0.000352217894188
25.1066911327   0.000345411299766
25.9920766834   0.000338106896842
26.9086852881   0.000330340506754
27.8576180255   0.000322154146942
28.8400148035   0.00031359482064
29.8570557292   0.000304713264722
30.9099625256   0.000295562693654
32.0   0.000286197577259
33.1284775629   0.000276672487835
34.2967508012   0.000267041047926
35.5062231062   0.000257355003993
36.7583473599   0.000247663443879
38.0546276801   0.000238012168037
39.396621227   0.000228443216687
40.7859400742   0.00021899454805
42.2242531447   0.000209699856995
43.7132882161   0.000200588519103
45.2548339959   0.00019168564235
46.8507422703   0.000183012207274
48.5029301283   0.000174585276436
50.2133822654   0.000166418254866
51.9841533668   0.000158521184862
53.8173705762   0.000150901060562
55.715236051   0.000143562150057
57.6800296071   0.000136506315091
59.7141114584   0.000129733320676
61.8199250512   0.000123241128935
64.0   0.000117026173265
66.2569551258   0.000111083610396
68.5935016023   0.000105407549148
71.0124462123   9.99912556216e-05
73.5166947198   9.48273352968e-05
76.1092553602   8.99078930289e-05
78.7932424541   8.5224672291e-05
81.5718801484   8.07691752272e-05
84.4485062895   7.65327652016e-05
87.4265764323   7.25067535551e-05
90.5096679919   6.86824722578e-05
93.7014845405   6.50513340765e-05
97.0058602567   6.1604881776e-05
100.426764531   5.83348277636e-05
103.968306734   5.52330854583e-05
107.634741152   5.22917935472e-05
111.430472102   4.95033341637e-05
115.360059214   4.68603459089e-05
119.428222917   4.43557325266e-05
123.639850102   4.198266794e-05
128.0   3.97345982685e-05
132.513910252   3.76052413578e-05
137.187003205   3.55885842829e-05
142.024892425   3.36788792183e-05
147.03338944   3.18706380109e-05
152.21851072   3.01586257419e-05
157.586484908   2.85378535169e-05
163.143760297   2.70035706884e-05
168.897012579   2.5551256679e-05
174.853152865   2.41766125466e-05
181.019335984   2.28755524091e-05
187.402969081   2.16441948217e-05
194.011720513   2.04788541872e-05
200.853529062   1.93760322604e-05
207.936613467   1.83324097974e-05
215.269482305   1.73448383884e-05
222.860944204   1.64103325041e-05
230.720118428   1.55260617796e-05
238.856445833   1.468934355e-05
247.279700205   1.38976356505e-05
256.0   1.31485294878e-05
265.027820503   1.24397433844e-05
274.374006409   1.1769116198e-05
284.049784849   1.11346012138e-05
294.066778879   1.05342603048e-05
304.437021441   9.96625835615e-06
315.172969816   9.42885794697e-06
326.287520594   8.92041428168e-06
337.794025158   8.43937036398e-06
349.706305729   7.98425240465e-06
362.038671968   7.55366545478e-06
374.805938162   7.14628925564e-06
388.023441027   6.76087429658e-06
401.707058123   6.39623807197e-06
415.873226934   6.05126152869e-06
430.53896461   5.72488569569e-06
445.721888408   5.4161084871e-06
461.440236857   5.12398167099e-06
477.712891667   4.84760799581e-06
494.55940041   4.58613846694e-06
512.0   4.33876976598e-06
530.055641007   4.10474180576e-06
548.748012819   3.8833354143e-06
568.099569699   3.67387014122e-06
588.133557758   3.47570218032e-06
608.874042881   3.28822240247e-06
630.345939633   3.11085449314e-06
652.575041187   2.94305318911e-06
675.588050316   2.78430260921e-06
699.412611458   2.63411467422e-06
724.077343935   2.49202761125e-06
749.611876324   2.35760453815e-06
776.046882053   2.23043212375e-06
803.414116246   2.11011931988e-06
831.746453869   1.99629616147e-06
861.07792922   1.88861263097e-06
891.443776815   1.78673758382e-06
922.880473713   1.69035773163e-06
955.425783334   1.59917667997e-06
989.118800819   1.51291401801e-06
1024.0   1.43130445701e-06
1060.11128201   1.35409701523e-06
1097.49602564   1.28105424671e-06
1136.1991394   1.21195151155e-06
1176.26711552   1.14657628549e-06
1217.74808576   1.08472750667e-06
1260.69187927   1.0262149576e-06
1305.15008237   9.70858680396e-07
1351.17610063   9.18488423528e-07
1398.82522292   8.68943118419e-07
1448.15468787   8.22070384209e-07
1499.22375265   7.77726059235e-07
1552.09376411   7.35773757758e-07
1606.82823249   6.96084450594e-07
1663.49290774   6.58536068346e-07
1722.15585844   6.23013126036e-07
1782.88755363   5.89406367969e-07
1845.76094743   5.57612431754e-07
1910.85156667   5.27533530432e-07
1978.23760164   4.99077151761e-07
2048.0   4.72155773699e-07
2120.22256403   4.46686595249e-07
2194.99205127   4.22591281806e-07
2272.39827879   3.99795724243e-07
2352.53423103   3.78229810995e-07
2435.49617153   3.57827212425e-07
2521.38375853   3.38525176832e-07
2610.30016475   3.20264337451e-07
2702.35220126   3.0298852987e-07
2797.65044583   2.86644619292e-07
2896.30937574   2.71182337113e-07
2998.4475053   2.56554126318e-07
3104.18752821   2.42714995216e-07
3213.65646499   2.29622379057e-07
3326.98581548   2.17236009127e-07
3444.31171688   2.05517788889e-07
3565.77510726   1.94431676816e-07
3691.52189485   1.83943575541e-07
3821.70313333   1.74021226982e-07
3956.47520328   1.6463411313e-07
4096.0   1.55753362185e-07
