#z=2.3
#nu (Ryd)        Jnu (10^-21 erg s^-1 cm^-2 Hz^-1 sr^-1)
0.5   14.4813371019
0.517632461921   13.9144770291
0.535886731268   13.3788416732
0.554784736034   12.8171605134
0.574349177499   12.2311746173
0.594603557501   11.6226373567
0.615572206672   10.9747645501
0.63728031366   10.3255744808
0.659753955386   9.65929414288
0.683020128377   8.97489060809
0.707106781187   8.27571419799
0.732042847973   7.46022880401
0.757858283255   6.48601261892
0.784584097897   5.73965253512
0.812252396356   4.98276815983
0.840896415254   4.21618519182
0.870550563296   3.42766018717
0.901250462611   2.64291220778
0.933032991537   1.85449081236
0.965936328925   1.0608863513
1.0   0.210103252127
1.03526492384   0.192652671605
1.07177346254   0.180110029871
1.10956947207   0.169904539556
1.148698355   0.161513950384
1.189207115   0.154520236229
1.23114441334   0.148592989671
1.27456062732   0.143474423445
1.31950791077   0.138966059551
1.36604025675   0.1349171189
1.41421356237   0.131214576883
1.46408569595   0.127774797244
1.51571656651   0.124536685819
1.56916819579   0.121456300671
1.62450479271   0.118503357573
1.68179283051   0.11566125413
1.74110112659   0.112927028785
1.80250092522   0.111272399525
1.86606598307   0.107790836547
1.93187265785   0.105411085795
2.0   0.103236374866
2.07052984768   0.101210646806
2.14354692507   0.0993957579018
2.21913894414   0.0978182752475
2.29739670999   0.0964833848386
2.37841423001   0.0953864903618
2.46228882669   0.0943901741206
2.54912125464   0.0936227041371
2.63901582155   0.0929178656878
2.73208051351   0.0924553392163
2.82842712475   0.0915132041929
2.92817139189   0.0901230537612
3.03143313302   0.0620187367878
3.13833639159   0.0567889733072
3.24900958542   0.0511345065965
3.36358566101   0.0450472317621
3.48220225318   0.0379921919728
3.60500185044   0.0308988985096
3.73213196615   0.023490640119
3.8637453157   0.015729935793
4.0   0.00787762328708
4.14105969537   0.00572199876676
4.28709385015   0.00496445270093
4.43827788827   0.0046426709337
4.59479341999   0.00445953480637
4.75682846001   0.00431963070834
4.92457765338   0.00419357433636
5.09824250928   0.00407269497711
5.27803164309   0.00395456182933
5.46416102702   0.0038385685016
5.65685424949   0.0037246447122
5.85634278378   0.0036128918475
6.06286626604   0.00350347676818
6.27667278317   0.00339659425269
6.49801917085   0.00329244817575
6.72717132203   0.00319123982776
6.96440450637   0.00309316098755
7.21000370089   0.00299839074529
7.46426393229   0.00290709472375
7.7274906314   0.00281942499337
8.0   0.0027355190587
8.28211939073   0.00265549680672
8.57418770029   0.0025794550645
8.87655577654   0.0025074601773
9.18958683998   0.00243953958789
9.51365692002   0.00237567366703
9.84915530676   0.00231578900836
10.1964850186   0.00225975413594
10.5560632862   0.00220737818981
10.928322054   0.00215841276134
11.313708499   0.00211255671728
11.7126855676   0.00206946361441
12.1257325321   0.00202875116625
12.5533455663   0.00199001216404
12.9960383417   0.00195282625447
13.4543426441   0.00191677201283
13.9288090127   0.00188143880535
14.4200074018   0.0018464379918
14.9285278646   0.00181141307221
15.4549812628   0.00177604842794
16.0   0.00174007635292
16.5642387815   0.00170328212689
17.1483754006   0.00166550695758
17.7531115531   0.0016266487201
18.37917368   0.0015866605443
19.02731384   0.00154554743388
19.6983106135   0.00150336122389
20.3929700371   0.00146019427742
21.1121265724   0.00141617237247
21.8566441081   0.00137144723124
22.627416998   0.00132618910231
23.4253711351   0.00128057973337
24.2514650642   0.00123480598459
25.1066911327   0.00118905424423
25.9920766834   0.00114350572898
26.9086852881   0.00109833268776
27.8576180255   0.00105369547949
28.8400148035   0.0010097404626
29.8570557292   0.000966598613672
30.9099625256   0.000924384781241
32.0   0.000883197477142
33.1284775629   0.000843119108864
34.2967508012   0.000804216561038
35.5062231062   0.000766542041496
36.7583473599   0.000730134116125
38.0546276801   0.000695018866508
39.396621227   0.000661211114395
40.7859400742   0.000628715666972
42.2242531447   0.000597528546291
43.7132882161   0.000567638174812
45.2548339959   0.000539026496625
46.8507422703   0.000511670020488
48.5029301283   0.000485540776252
50.2133822654   0.000460607180718
51.9841533668   0.000436834812417
53.8173705762   0.000414187097444
55.715236051   0.000392625910372
57.6800296071   0.000372112095562
59.7141114584   0.000352605914973
61.8199250512   0.00033406742898
64.0   0.00031645681681
66.2569551258   0.000299734643098
68.5935016023   0.000283862076779
71.0124462123   0.000268801068158
73.5166947198   0.000254514489575
76.1092553602   0.000240966244587
78.7932424541   0.000228121350128
81.5718801484   0.000215945995643
84.4485062895   0.000204407582705
87.4265764323   0.000193474748271
90.5096679919   0.000183117374259
93.7014845405   0.00017330658586
97.0058602567   0.0001640147406
100.426764531   0.000155215409945
103.968306734   0.000146883354952
107.634741152   0.00013899449725
111.430472102   0.000131525886451
115.360059214   0.00012445566491
119.428222917   0.00011776303061
123.639850102   0.000111428198814
128.0   0.00010543236302
132.513910252   9.97576556613e-05
137.187003205   9.43871089136e-05
142.024892425   8.93046158943e-05
147.03338944   8.4494892492e-05
152.21851072   7.99434400075e-05
157.586484908   7.56365087476e-05
163.143760297   7.15610626816e-05
168.897012579   6.7704745235e-05
174.853152865   6.40558462772e-05
181.019335984   6.06032703352e-05
187.402969081   5.73365060521e-05
194.011720513   5.42455968933e-05
200.853529062   5.13211130947e-05
207.936613467   4.85541248357e-05
215.269482305   4.59361766171e-05
222.860944204   4.34592628136e-05
230.720118428   4.11158043703e-05
238.856445833   3.88986266081e-05
247.279700205   3.68009381006e-05
256.0   3.48163105843e-05
265.027820503   3.29386598619e-05
274.374006409   3.11622276604e-05
284.049784849   2.94815644024e-05
294.066778879   2.78915128527e-05
304.437021441   2.63871926008e-05
315.172969816   2.49639853411e-05
326.287520594   2.36175209149e-05
337.794025158   2.23436640761e-05
349.706305729   2.11385019483e-05
362.038671968   1.99983321381e-05
374.805938162   1.89196514728e-05
388.023441027   1.7899145331e-05
401.707058123   1.69336775374e-05
415.873226934   1.60202807921e-05
430.53896461   1.51561476074e-05
445.721888408   1.43386217263e-05
461.440236857   1.35651899984e-05
477.712891667   1.2833474688e-05
494.55940041   1.2141226193e-05
512.0   1.14863161534e-05
530.055641007   1.08667309277e-05
548.748012819   1.02805654188e-05
568.099569699   9.72601723124e-06
588.133557758   9.20138114071e-06
608.874042881   8.70504386137e-06
630.345939633   8.23547909345e-06
652.575041187   7.79124283705e-06
675.588050316   7.37096895782e-06
699.412611458   6.97336499096e-06
724.077343935   6.59720817097e-06
749.611876324   6.24134167492e-06
776.046882053   5.90467106792e-06
803.414116246   5.58616093994e-06
831.746453869   5.28483172368e-06
861.07792922   4.99975668383e-06
891.443776815   4.73005906848e-06
922.880473713   4.47490941395e-06
955.425783334   4.23352299495e-06
989.118800819   4.00515741195e-06
1024.0   3.78911030879e-06
1060.11128201   3.58471721311e-06
1097.49602564   3.39134949331e-06
1136.1991394   3.20841242561e-06
1176.26711552   3.03534336526e-06
1217.74808576   2.87161001646e-06
1260.69187927   2.71670879547e-06
1305.15008237   2.57016328199e-06
1351.17610063   2.43152275411e-06
1398.82522292   2.30036080215e-06
1448.15468787   2.17627401739e-06
1499.22375265   2.05888075139e-06
1552.09376411   1.9478199423e-06
1606.82823249   1.84275000443e-06
1663.49290774   1.7433477777e-06
1722.15585844   1.64930753382e-06
1782.88755363   1.56034003594e-06
1845.76094743   1.47617164918e-06
1910.85156667   1.39654349901e-06
1978.23760164   1.32121067506e-06
2048.0   1.2499414779e-06
2120.22256403   1.18251670642e-06
2194.99205127   1.11872898365e-06
2272.39827879   1.05838211897e-06
2352.53423103   1.00129050468e-06
2435.49617153   9.47278545163e-07
2521.38375853   8.96180116784e-07
2610.30016475   8.47838056991e-07
2702.35220126   8.02103680918e-07
2797.65044583   7.58836324089e-07
2896.30937574   7.17902909779e-07
2998.4475053   6.79177539722e-07
3104.18752821   6.42541106885e-07
3213.65646499   6.07880929139e-07
3326.98581548   5.75090402683e-07
3444.31171688   5.44068674169e-07
3565.77510726   5.14720330509e-07
3691.52189485   4.86955105416e-07
3821.70313333   4.60687601772e-07
3956.47520328   4.35837028981e-07
4096.0   4.12326954474e-07
