#z=7.25
#nu (Ryd)        Jnu (10^-21 erg s^-1 cm^-2 Hz^-1 sr^-1)
0.5   2132.18104228
0.517632461921   27.6141463341
0.535886731268   27.5144118057
0.554784736034   27.379779095
0.574349177499   27.184604243
0.594603557501   26.946374865
0.615572206672   26.6395965184
0.63728031366   26.2491144345
0.659753955386   25.7572837437
0.683020128377   25.1516894388
0.707106781187   24.3950274484
0.732042847973   23.3297455801
0.757858283255   21.3111530715
0.784584097897   19.7817684005
0.812252396356   18.0273440305
0.840896415254   15.9843034187
0.870550563296   13.612350456
0.901250462611   10.8784675678
0.933032991537   7.75029855202
0.965936328925   4.19717072702
1.0   0.0664571115227
1.03526492384   0.0578788315124
1.07177346254   0.0530109996053
1.10956947207   0.0492827070136
1.148698355   0.0464647560567
1.189207115   0.044365365543
1.23114441334   0.0428260765721
1.27456062732   0.0417176599234
1.31950791077   0.0409361466265
1.36604025675   0.0403990710378
1.41421356237   0.0400419868312
1.46408569595   0.0398152940395
1.51571656651   0.0396814004169
1.56916819579   0.0396122312714
1.62450479271   0.0395870953861
1.68179283051   0.0395909074177
1.74110112659   0.0396127569728
1.80250092522   0.0410157870749
1.86606598307   0.039681441708
1.93187265785   0.0397187367638
2.0   0.0397539850045
2.07052984768   0.0397854257522
2.14354692507   0.0398120031166
2.21913894414   0.0398331603675
2.29739670999   0.0398486491222
2.37841423001   0.0398583556198
2.46228882669   0.0398621581737
2.54912125464   0.039859832676
2.63901582155   0.0398510134513
2.73208051351   0.0398351944482
2.82842712475   0.0398116105278
2.92817139189   0.0397785989229
3.03143313302   0.0397229551037
3.13833639159   0.0396041839526
3.24900958542   0.0393261777612
3.36358566101   0.0386101787622
3.48220225318   0.0368253994123
3.60500185044   0.0326821940533
3.73213196615   0.0238179596509
3.8637453157   0.00633309107971
4.0   5.69774155788e-31
4.14105969537   6.14200332552e-31
4.28709385015   2.04300817013e-29
4.43827788827   5.84793542098e-28
4.59479341999   1.42606963375e-26
4.75682846001   2.95739326496e-25
4.92457765338   5.22410998571e-24
5.09824250928   7.88518560423e-23
5.27803164309   1.0209781791e-21
5.46416102702   1.13908861293e-20
5.65685424949   1.1003468039e-19
5.85634278378   9.25021733323e-19
6.06286626604   6.80359540725e-18
6.27667278317   4.40221885649e-17
6.49801917085   2.51987367248e-16
6.72717132203   1.28324909972e-15
6.96440450637   5.84687458179e-15
7.21000370089   2.3969552053e-14
7.46426393229   8.89065373604e-14
7.7274906314   2.99997084958e-13
8.0   9.25821044867e-13
8.28211939073   2.62672877331e-12
8.57418770029   6.88586336759e-12
8.87655577654   1.67591355242e-11
9.18958683998   3.80454969805e-11
9.51365692002   8.09156484679e-11
9.84915530676   1.6190830661e-10
10.1964850186   3.06023934503e-10
10.5560632862   5.48466278701e-10
10.928322054   9.35475977139e-10
11.313708499   1.52373730072e-09
11.7126855676   2.37804816375e-09
12.1257325321   3.56729042294e-09
12.5533455663   5.15912789132e-09
12.9960383417   7.21417337408e-09
13.4543426441   9.78050614699e-09
13.9288090127   1.28893514073e-08
14.4200074018   1.65524873071e-08
14.9285278646   2.07616062766e-08
15.4549812628   2.54895208159e-08
16.0   3.06928444237e-08
16.5642387815   3.63156329935e-08
17.1483754006   4.22934411778e-08
17.7531115531   4.85573071781e-08
18.37917368   5.50372929254e-08
19.02731384   6.16653406419e-08
19.6983106135   6.83773352395e-08
20.3929700371   7.51143688337e-08
21.1121265724   8.1823281867e-08
21.8566441081   8.84566046264e-08
22.627416998   9.49720471037e-08
23.4253711351   1.01331689802e-07
24.2514650642   1.07501019214e-07
25.1066911327   1.13447934578e-07
25.9920766834   1.19141831269e-07
26.9086852881   1.24552843728e-07
27.8576180255   1.29651308695e-07
28.8400148035   1.34407488381e-07
29.8570557292   1.38791573041e-07
30.9099625256   1.42773962838e-07
32.0   1.46325809663e-07
33.1284775629   1.49419780761e-07
34.2967508012   1.52030988328e-07
35.5062231062   1.54138013953e-07
36.7583473599   1.55723945739e-07
38.0546276801   1.56777341111e-07
39.396621227   1.57293031288e-07
40.7859400742   1.57272694803e-07
42.2242531447   1.56725146741e-07
43.7132882161   1.55666315381e-07
45.2548339959   1.54118905666e-07
46.8507422703   1.52111775679e-07
48.5029301283   1.49679074801e-07
50.2133822654   1.46859207908e-07
51.9841533668   1.43693697656e-07
53.8173705762   1.40226016734e-07
55.715236051   1.36500455112e-07
57.6800296071   1.3256107574e-07
59.7141114584   1.28450797909e-07
61.8199250512   1.24210632767e-07
64.0   1.1987908166e-07
66.2569551258   1.1549169635e-07
68.5935016023   1.1108079115e-07
71.0124462123   1.06675290814e-07
73.5166947198   1.02300694398e-07
76.1092553602   9.79791338603e-08
78.7932424541   9.37295064095e-08
81.5718801484   8.95676610543e-08
84.4485062895   8.55066219855e-08
87.4265764323   8.15568339913e-08
90.5096679919   7.77264177661e-08
93.7014845405   7.40214255334e-08
97.0058602567   7.04460897368e-08
100.426764531   6.70030595853e-08
103.968306734   6.36936219528e-08
107.634741152   6.05179045263e-08
111.430472102   5.74750601898e-08
115.360059214   5.45634324734e-08
119.428222917   5.17807025051e-08
123.639850102   4.91240183322e-08
128.0   4.65901077598e-08
132.513910252   4.41753760155e-08
137.187003205   4.18759896246e-08
142.024892425   3.96879478912e-08
147.03338944   3.76071433412e-08
152.21851072   3.56294124188e-08
157.586484908   3.37505776363e-08
163.143760297   3.19664822832e-08
168.897012579   3.02730186938e-08
174.853152865   2.86661509726e-08
181.019335984   2.71419329764e-08
187.402969081   2.56965222597e-08
194.011720513   2.43261906024e-08
200.853529062   2.30273316613e-08
207.936613467   2.17964662128e-08
215.269482305   2.06302453937e-08
222.860944204   1.95254522877e-08
230.720118428   1.84790021553e-08
238.856445833   1.74879415635e-08
247.279700205   1.65494466292e-08
256.0   1.56608205619e-08
265.027820503   1.48194906574e-08
274.374006409   1.40230048749e-08
284.049784849   1.32690281027e-08
294.066778879   1.25553382064e-08
304.437021441   1.18798219307e-08
315.172969816   1.12404707188e-08
326.287520594   1.06353764984e-08
337.794025158   1.00627274759e-08
349.706305729   9.520803971e-09
362.038671968   9.00797431784e-09
374.805938162   8.52269085377e-09
388.023441027   8.06348601072e-09
401.707058123   7.62896852137e-09
415.873226934   7.21781974862e-09
430.53896461   6.82879014405e-09
445.721888408   6.46069583924e-09
461.440236857   6.11241537154e-09
477.712891667   5.78288654479e-09
494.55940041   5.47110342407e-09
512.0   5.17611346276e-09
530.055641007   4.89701475935e-09
548.748012819   4.63295344096e-09
568.099569699   4.38312116992e-09
588.133557758   4.14675276976e-09
608.874042881   3.92312396632e-09
630.345939633   3.71154923994e-09
652.575041187   3.51137978432e-09
675.588050316   3.32200156774e-09
699.412611458   3.14283349239e-09
724.077343935   2.97332564748e-09
749.611876324   2.81295765185e-09
776.046882053   2.6612370822e-09
803.414116246   2.51769798268e-09
831.746453869   2.38189945219e-09
861.07792922   2.25342430543e-09
891.443776815   2.13187780427e-09
922.880473713   2.01688645587e-09
955.425783334   1.90809687418e-09
989.118800819   1.8051747017e-09
1024.0   1.7078035884e-09
1060.11128201   1.61568422487e-09
1097.49602564   1.5285334269e-09
1136.1991394   1.44608326886e-09
1176.26711552   1.36808026332e-09
1217.74808576   1.29428458447e-09
1260.69187927   1.22446933309e-09
1305.15008237   1.15841984091e-09
1351.17610063   1.09593301215e-09
1398.82522292   1.03681670045e-09
1448.15468787   9.8088911918e-10
1499.22375265   9.27978283405e-10
1552.09376411   8.77921481866e-10
1606.82823249   8.30564777292e-10
1663.49290774   7.85762533597e-10
1722.15585844   7.43376968501e-10
1782.88755363   7.03277730218e-10
1845.76094743   6.65341496923e-10
1910.85156667   6.29451597782e-10
1978.23760164   5.95497654389e-10
2048.0   5.63375241501e-10
2120.22256403   5.32985566061e-10
2194.99205127   5.04235163502e-10
2272.39827879   4.77035610419e-10
2352.53423103   4.51303252721e-10
2435.49617153   4.26958948436e-10
2521.38375853   4.03927824378e-10
2610.30016475   3.82139045927e-10
2702.35220126   3.61525599225e-10
2797.65044583   3.42024085109e-10
2896.30937574   3.23574524156e-10
2998.4475053   3.06120172242e-10
3104.18752821   2.89607346039e-10
3213.65646499   2.73985257934e-10
3326.98581548   2.59205859833e-10
3444.31171688   2.45223695407e-10
3565.77510726   2.31995760288e-10
3691.52189485   2.19481369822e-10
3821.70313333   2.07642033937e-10
3956.47520328   1.96441338776e-10
4096.0   1.85844834702e-10
