#z=0.95
#nu (Ryd)        Jnu (10^-21 erg s^-1 cm^-2 Hz^-1 sr^-1)
0.5   3.68994475264
0.517632461921   3.49571204379
0.535886731268   3.3250229218
0.554784736034   3.15296699587
0.574349177499   2.97950142859
0.594603557501   2.805558145
0.615572206672   2.63161770648
0.63728031366   2.45662037543
0.659753955386   2.28077515914
0.683020128377   2.10365744892
0.707106781187   1.9267066919
0.732042847973   1.72217892388
0.757858283255   1.50384488728
0.784584097897   1.32802142434
0.812252396356   1.15235956887
0.840896415254   0.976911458816
0.870550563296   0.801752556273
0.901250462611   0.627085594901
0.933032991537   0.453048192074
0.965936328925   0.279670543221
1.0   0.0933746098105
1.03526492384   0.0874680192142
1.07177346254   0.0831181400629
1.10956947207   0.0794529756017
1.148698355   0.0763137845474
1.189207115   0.0735774648798
1.23114441334   0.0711501572903
1.27456062732   0.0689613556761
1.31950791077   0.0669591177548
1.36604025675   0.0651046660742
1.41421356237   0.0633853046951
1.46408569595   0.0617428574578
1.51571656651   0.060182131148
1.56916819579   0.0586828279581
1.62450479271   0.0572291750815
1.68179283051   0.0558027213471
1.74110112659   0.0543849230862
1.80250092522   0.0532278438776
1.86606598307   0.051497449904
1.93187265785   0.0499891714225
2.0   0.04841910806
2.07052984768   0.0466915538077
2.14354692507   0.0449211467991
2.21913894414   0.0430535082744
2.29739670999   0.0410893426864
2.37841423001   0.0391005164355
2.46228882669   0.0371268558591
2.54912125464   0.0350638364016
2.63901582155   0.0329233004113
2.73208051351   0.0306658082802
2.82842712475   0.0284016923319
2.92817139189   0.0260324466882
3.03143313302   0.0192106578354
3.13833639159   0.0170413395761
3.24900958542   0.014912946747
3.36358566101   0.0128245993324
3.48220225318   0.0107804900984
3.60500185044   0.00878954844224
3.73213196615   0.00686004403174
3.8637453157   0.00499867782829
4.0   0.00312035397845
4.14105969537   0.00252988846755
4.28709385015   0.00231485055131
4.43827788827   0.00221234737281
4.59479341999   0.00214498445671
4.75682846001   0.0020883883454
4.92457765338   0.00203525326786
5.09824250928   0.00198354315338
5.27803164309   0.00193278361775
5.46416102702   0.00188294548607
5.65685424949   0.00183412173673
5.85634278378   0.00178643678394
6.06286626604   0.0017400211329
6.27667278317   0.00169500383521
6.49801917085   0.00165150948195
6.72717132203   0.00160965585753
6.96440450637   0.00156955093838
7.21000370089   0.00153128877563
7.46426393229   0.00149494427069
7.7274906314   0.00146056720747
8.0   0.00142817615545
8.28211939073   0.00139775298046
8.57418770029   0.00136923868836
8.87655577654   0.00134253120352
9.18958683998   0.00131748548719
9.51365692002   0.00129391617025
9.84915530676   0.001271602644
10.1964850186   0.00125029634319
10.5560632862   0.00122972977974
10.928322054   0.00120962675178
11.313708499   0.00118971306627
11.7126855676   0.00116972708181
12.1257325321   0.00114942940427
12.5533455663   0.00112861115225
12.9960383417   0.00110710034453
13.4543426441   0.00108476613235
13.9288090127   0.00106152078544
14.4200074018   0.00103731951835
14.9285278646   0.00101215839426
15.4549812628   0.000986070651163
16.0   0.000959121857082
16.5642387815   0.000931404316148
17.1483754006   0.000903031125805
17.7531115531   0.000874130236844
18.37917368   0.000844838803763
19.02731384   0.000815298042575
19.6983106135   0.000785648743535
20.3929700371   0.000756027521912
21.1121265724   0.000726563833802
21.8566441081   0.00069737773769
22.627416998   0.000668578347147
23.4253711351   0.000640262895833
24.2514650642   0.0006125163224
25.1066911327   0.00058541127856
25.9920766834   0.000559008466601
26.9086852881   0.000533357220752
27.8576180255   0.000508496257923
28.8400148035   0.000484454535585
29.8570557292   0.000461252166693
30.9099625256   0.000438901352603
32.0   0.000417407304581
33.1284775629   0.000396769132539
34.2967508012   0.000376980686152
35.5062231062   0.0003580313387
36.7583473599   0.000339906708002
38.0546276801   0.000322589311917
39.396621227   0.000306059158189
40.7859400742   0.000290294270154
42.2242531447   0.000275271151048
43.7132882161   0.000260965190483
45.2548339959   0.000247351017217
46.8507422703   0.00023440280261
48.5029301283   0.000222094519289
50.2133822654   0.000210400159481
51.9841533668   0.000199293917374
53.8173705762   0.000188750339593
55.715236051   0.000178744447673
57.6800296071   0.000169251836082
59.7141114584   0.000160248749029
61.8199250512   0.000151712139033
64.0   0.000143619709852
66.2569551258   0.000135949946155
68.5935016023   0.000128682131985
71.0124462123   0.000121796359853
73.5166947198   0.000115273532046
76.1092553602   0.000109095355536
78.7932424541   0.000103244331672
81.5718801484   9.77037416979e-05
84.4485062895   9.24576289589e-05
87.4265764323   8.74907785508e-05
90.5096679919   8.27886950401e-05
93.7014845405   7.83375787894e-05
97.0058602567   7.41243013331e-05
100.426764531   7.01363801743e-05
103.968306734   6.63619533107e-05
107.634741152   6.27897537398e-05
111.430472102   5.94090841497e-05
115.360059214   5.62097919589e-05
119.428222917   5.31822448374e-05
123.639850102   5.03173068097e-05
128.0   4.76063150195e-05
132.513910252   4.50410572124e-05
137.187003205   4.26137499795e-05
142.024892425   4.03170177867e-05
147.03338944   3.81438728079e-05
152.21851072   3.60876955664e-05
157.586484908   3.41422163836e-05
163.143760297   3.23014976271e-05
168.897012579   3.05599167467e-05
174.853152865   2.89121500788e-05
181.019335984   2.73531574037e-05
187.402969081   2.58781672305e-05
194.011720513   2.44826627876e-05
200.853529062   2.31623686948e-05
207.936613467   2.19132382908e-05
215.269482305   2.07314415896e-05
222.860944204   1.9613353843e-05
230.720118428   1.85555446796e-05
238.856445833   1.75547677989e-05
247.279700205   1.66079511924e-05
256.0   1.57121878692e-05
265.027820503   1.48647270632e-05
274.374006409   1.40629658961e-05
284.049784849   1.33044414775e-05
294.066778879   1.25868234186e-05
304.437021441   1.19079067395e-05
315.172969816   1.1265605151e-05
326.287520594   1.06579446912e-05
337.794025158   1.00830576993e-05
349.706305729   9.5391771097e-06
362.038671968   9.02463104904e-06
374.805938162   8.53783772125e-06
388.023441027   8.07730056547e-06
401.707058123   7.64160367234e-06
415.873226934   7.22940744556e-06
430.53896461   6.8394444954e-06
445.721888408   6.47051575226e-06
461.440236857   6.12148678856e-06
477.712891667   5.79128433777e-06
494.55940041   5.47889300046e-06
512.0   5.18335212706e-06
530.055641007   4.90375286818e-06
548.748012819   4.63923538345e-06
568.099569699   4.38898620049e-06
588.133557758   4.15223571582e-06
608.874042881   3.92825583037e-06
630.345939633   3.71635771214e-06
652.575041187   3.51588967938e-06
675.588050316   3.3262351977e-06
699.412611458   3.14681098508e-06
724.077343935   2.97706521892e-06
749.611876324   2.81647583973e-06
776.046882053   2.66454894618e-06
803.414116246   2.52081727663e-06
831.746453869   2.38483877257e-06
861.07792922   2.25619521936e-06
891.443776815   2.13449096039e-06
922.880473713   2.01935168043e-06
955.425783334   1.91042325465e-06
989.118800819   1.80737065965e-06
1024.0   1.70987694325e-06
1060.11128201   1.61764224978e-06
1097.49602564   1.53038289795e-06
1136.1991394   1.44783050849e-06
1176.26711552   1.36973117874e-06
1217.74808576   1.29584470185e-06
1260.69187927   1.22594382801e-06
1305.15008237   1.15981356561e-06
1351.17610063   1.09725051997e-06
1398.82522292   1.03806226785e-06
1448.15468787   9.82066765655e-07
1499.22375265   9.29091789525e-07
1552.09376411   8.78974405671e-07
1606.82823249   8.31560469255e-07
1663.49290774   7.86704150309e-07
1722.15585844   7.44267485223e-07
1782.88755363   7.04119952419e-07
1845.76094743   6.66138070922e-07
1910.85156667   6.30205020579e-07
1978.23760164   5.96210282763e-07
2048.0   5.64049300456e-07
2120.22256403   5.33623156676e-07
2194.99205127   5.04838270236e-07
2272.39827879   4.77606107926e-07
2352.53423103   4.51842912214e-07
2435.49617153   4.27469443636e-07
2521.38375853   4.04410737084e-07
2610.30016475   3.82595871235e-07
2702.35220126   3.61957750427e-07
2797.65044583   3.42432898288e-07
2896.30937574   3.23961262507e-07
2998.4475053   3.06486030134e-07
3104.18752821   2.8995345284e-07
3213.65646499   2.74312681604e-07
3326.98581548   2.59515610319e-07
3444.31171688   2.45516727834e-07
3565.77510726   2.32272977973e-07
3691.52189485   2.19743627113e-07
3821.70313333   2.07890138896e-07
3956.47520328   1.96676055704e-07
4096.0   1.86066886529e-07
