#z=8.7
#nu (Ryd)        Jnu (10^-21 erg s^-1 cm^-2 Hz^-1 sr^-1)
0.5   20.1174392002
0.517632461921   20.1367012923
0.535886731268   20.1606309986
0.554784736034   20.1900752189
0.574349177499   20.1997388321
0.594603557501   49.0584615739
0.615572206672   19.9362948688
0.63728031366   19.7526086169
0.659753955386   19.5066541535
0.683020128377   19.1220540877
0.707106781187   18.6851391158
0.732042847973   18.1072718761
0.757858283255   16.6184391511
0.784584097897   15.6029964371
0.812252396356   14.3638091815
0.840896415254   12.8638501943
0.870550563296   11.062467841
0.901250462611   8.9155079392
0.933032991537   6.07407243461
0.965936328925   3.05603702181
1.0   0.0369924080625
1.03526492384   0.0327738406921
1.07177346254   0.0301374339541
1.10956947207   0.0281214556027
1.148698355   0.0266048307336
1.189207115   0.0254851062223
1.23114441334   0.0246767375675
1.27456062732   0.0241092700359
1.31950791077   0.0237254939893
1.36604025675   0.0234796367011
1.41421356237   0.0233356364098
1.46408569595   0.0232655310348
1.51571656651   0.0232479846867
1.56916819579   0.0232669691543
1.62450479271   0.0233106132659
1.68179283051   0.0233702284804
1.74110112659   0.023439512835
1.80250092522   0.0240016398679
1.86606598307   0.0235902269295
1.93187265785   0.0236661272995
2.0   0.0237400660234
2.07052984768   0.0238110353117
2.14354692507   0.0238784506452
2.21913894414   0.0239420358703
2.29739670999   0.0240017137091
2.37841423001   0.0240575017115
2.46228882669   0.0241094218151
2.54912125464   0.0241574351168
2.63901582155   0.0242014113902
2.73208051351   0.0242411361483
2.82842712475   0.0242763488449
2.92817139189   0.0243067953233
3.03143313302   0.0243320346025
3.13833639159   0.0243507788614
3.24900958542   0.0243558281382
3.36358566101   0.0243136424486
3.48220225318   0.0240923726567
3.60500185044   0.0232521996038
3.73213196615   0.0197624683118
3.8637453157   0.0106593225012
4.0   6.45283327727e-42
4.14105969537   6.21749772027e-41
4.28709385015   8.23818596599e-39
4.43827788827   8.64073518722e-37
4.59479341999   7.13166976973e-35
4.75682846001   4.63982291942e-33
4.92457765338   2.39127609166e-31
5.09824250928   9.82573671645e-30
5.27803164309   3.24221287728e-28
5.46416102702   8.65787376902e-27
5.65685424949   1.88615706812e-25
5.85634278378   3.38026217094e-24
6.06286626604   5.02581386846e-23
6.27667278317   6.25258780642e-22
6.49801917085   6.56495975786e-21
6.72717132203   5.86713951361e-20
6.96440450637   4.50095280573e-19
7.21000370089   2.98858252701e-18
7.46426393229   1.73151611599e-17
7.7274906314   8.82283699798e-17
8.0   3.98399202837e-16
8.28211939073   1.60598633632e-15
8.57418770029   5.82010836622e-15
8.87655577654   1.90897835716e-14
9.18958683998   5.70329531009e-14
9.51365692002   1.56148946478e-13
9.84915530676   3.94035697682e-13
10.1964850186   9.21459737885e-13
10.5560632862   2.00721847783e-12
10.928322054   4.09263872344e-12
11.313708499   7.84700397875e-12
11.7126855676   1.4210004767e-11
12.1257325321   2.4404954513e-11
12.5533455663   3.99090567131e-11
12.9960383417   6.23748197521e-11
13.4543426441   9.35079222955e-11
13.9288090127   1.34917889189e-10
14.4200074018   1.87965130529e-10
14.9285278646   2.53628965914e-10
15.4549812628   3.32416252139e-10
16.0   4.24321223674e-10
16.5642387815   5.28837113873e-10
17.1483754006   6.45011695343e-10
17.7531115531   7.71533604667e-10
18.37917368   9.06834508073e-10
19.02731384   1.04919321912e-09
19.6983106135   1.19683076896e-09
20.3929700371   1.34798911057e-09
21.1121265724   1.50098978859e-09
21.8566441081   1.65427200696e-09
22.627416998   1.80641183337e-09
23.4253711351   1.95612575651e-09
24.2514650642   2.1022625519e-09
25.1066911327   2.243787569e-09
25.9920766834   2.37976329736e-09
26.9086852881   2.50932955514e-09
27.8576180255   2.63168599189e-09
28.8400148035   2.74607889324e-09
29.8570557292   2.8517935709e-09
30.9099625256   2.94815294362e-09
32.0   3.03452227953e-09
33.1284775629   3.11031948781e-09
34.2967508012   3.17502983567e-09
35.5062231062   3.2282235512e-09
36.7583473599   3.26957448588e-09
38.0546276801   3.29887788685e-09
39.396621227   3.31606539113e-09
40.7859400742   3.32121560733e-09
42.2242531447   3.31455907157e-09
43.7132882161   3.29647690692e-09
45.2548339959   3.26749311069e-09
46.8507422703   3.22826096562e-09
48.5029301283   3.17954455161e-09
50.2133822654   3.12219667181e-09
51.9841533668   3.05713467768e-09
53.8173705762   2.98531568354e-09
55.715236051   2.90771252658e-09
57.6800296071   2.82529159327e-09
59.7141114584   2.73899334088e-09
61.8199250512   2.64971603577e-09
64.0   2.55830294221e-09
66.2569551258   2.46553294932e-09
68.5935016023   2.37211443274e-09
71.0124462123   2.27868201399e-09
73.5166947198   2.1857958015e-09
76.1092553602   2.09394266428e-09
78.7932424541   2.00353909208e-09
81.5718801484   1.91493522506e-09
84.4485062895   1.8284196813e-09
87.4265764323   1.74422486411e-09
90.5096679919   1.66253248781e-09
93.7014845405   1.5834791149e-09
97.0058602567   1.5071615475e-09
100.426764531   1.43364195967e-09
103.968306734   1.36295269407e-09
107.634741152   1.2951006766e-09
111.430472102   1.2300714263e-09
115.360059214   1.1678326561e-09
119.428222917   1.10833747352e-09
123.639850102   1.05152719934e-09
128.0   9.97333829003e-10
132.513910252   9.45682164665e-10
137.187003205   8.96491647785e-10
142.024892425   8.49677922317e-10
147.03338944   8.05154157831e-10
152.21851072   7.62832160505e-10
157.586484908   7.22623298008e-10
163.143760297   6.8443926223e-10
168.897012579   6.48192691573e-10
174.853152865   6.13797672322e-10
181.019335984   5.81170136483e-10
187.402969081   5.50228171427e-10
194.011720513   5.20892254836e-10
200.853529062   4.9308542672e-10
207.936613467   4.66733408709e-10
215.269482305   4.41764679461e-10
222.860944204   4.1811051379e-10
230.720118428   3.95704991991e-10
238.856445833   3.74484984962e-10
247.279700205   3.54390119796e-10
256.0   3.35362729888e-10
265.027820503   3.17347792891e-10
274.374006409   3.00292859385e-10
284.049784849   2.84147974607e-10
294.066778879   2.6886559524e-10
304.437021441   2.54400502876e-10
315.172969816   2.40709715515e-10
326.287520594   2.27752398206e-10
337.794025158   2.15489773712e-10
349.706305729   2.03885033942e-10
362.038671968   1.92903252709e-10
374.805938162   1.82511300279e-10
388.023441027   1.72677760052e-10
401.707058123   1.63372847639e-10
415.873226934   1.54568332531e-10
430.53896461   1.46237462491e-10
445.721888408   1.38354890753e-10
461.440236857   1.30896606069e-10
477.712891667   1.23839865621e-10
494.55940041   1.17163130782e-10
512.0   1.10846005695e-10
530.055641007   1.04869178609e-10
548.748012819   9.9214365919e-11
568.099569699   9.38642588311e-11
588.133557758   8.88024725728e-11
608.874042881   8.40134980624e-11
630.345939633   7.948265595e-11
652.575041187   7.51960529367e-11
675.588050316   7.11405402823e-11
699.412611458   6.73036744086e-11
724.077343935   6.36736795078e-11
749.611876324   6.02394120663e-11
776.046882053   5.6990327217e-11
803.414116246   5.39164468343e-11
831.746453869   5.10083292895e-11
861.07792922   4.82570407858e-11
891.443776815   4.56541281973e-11
922.880473713   4.31915933353e-11
955.425783334   4.0861868573e-11
989.118800819   3.86577937591e-11
1024.0   3.65725943539e-11
1060.11128201   3.45998607276e-11
1097.49602564   3.27335285587e-11
1136.1991394   3.09678602776e-11
1176.26711552   2.92974274995e-11
1217.74808576   2.77170943957e-11
1260.69187927   2.62220019543e-11
1305.15008237   2.48075530832e-11
1351.17610063   2.34693985112e-11
1398.82522292   2.22034234446e-11
1448.15468787   2.10057349401e-11
1499.22375265   1.98726499555e-11
1552.09376411   1.88006840416e-11
1606.82823249   1.77865406423e-11
1663.49290774   1.68271009699e-11
1722.15585844   1.59194144243e-11
1782.88755363   1.50606895285e-11
1845.76094743   1.42482853511e-11
1910.85156667   1.34797033907e-11
1978.23760164   1.27525798978e-11
2048.0   1.20646786091e-11
2120.22256403   1.14138838741e-11
2194.99205127   1.07981941516e-11
2272.39827879   1.02157158563e-11
2352.53423103   9.66465753774e-12
2435.49617153   9.14332437205e-12
2521.38375853   8.65011295123e-12
2610.30016475   8.18350635304e-12
2702.35220126   7.74206947665e-12
2797.65044583   7.3244446298e-12
2896.30937574   6.9293473539e-12
2998.4475053   6.55556247412e-12
3104.18752821   6.20194036257e-12
3213.65646499   5.86739340295e-12
3326.98581548   5.55089264578e-12
3444.31171688   5.2514646441e-12
3565.77510726   4.96818845973e-12
3691.52189485   4.70019283104e-12
3821.70313333   4.44665349344e-12
3956.47520328   4.20679064437e-12
4096.0   3.97986654507e-12
