#z=1.55
#nu (Ryd)        Jnu (10^-21 erg s^-1 cm^-2 Hz^-1 sr^-1)
0.5   7.75428564305
0.517632461921   7.3834435198
0.535886731268   7.05405013723
0.554784736034   6.71778505112
0.574349177499   6.37506445757
0.594603557501   6.0262650133
0.615572206672   5.67174635415
0.63728031366   5.31186210737
0.659753955386   4.94697541403
0.683020128377   4.57238695255
0.707106781187   4.19834306092
0.732042847973   3.76438116953
0.757858283255   3.2787986331
0.784584097897   2.89834231419
0.812252396356   2.51588728077
0.840896415254   2.13179815478
0.870550563296   1.74643065496
0.901250462611   1.36056669927
0.933032991537   0.974800094383
0.965936328925   0.585654325918
1.0   0.170956719346
1.03526492384   0.159819256879
1.07177346254   0.150734252598
1.10956947207   0.143157685188
1.148698355   0.136745400403
1.189207115   0.131225838582
1.23114441334   0.126387421205
1.27456062732   0.122067721591
1.31950791077   0.118144597103
1.36604025675   0.114528460573
1.41421356237   0.1111569709
1.46408569595   0.107979216748
1.51571656651   0.104965919472
1.56916819579   0.102101210432
1.62450479271   0.0993748545899
1.68179283051   0.0967830828137
1.74110112659   0.0943256880467
1.80250092522   0.0920531006996
1.86606598307   0.0897983106197
1.93187265785   0.0877066701522
2.0   0.0857922409478
2.07052984768   0.0838378413166
2.14354692507   0.0819499371051
2.21913894414   0.0800507601251
2.29739670999   0.0780911855395
2.37841423001   0.0760185632666
2.46228882669   0.0737814340901
2.54912125464   0.0713320097637
2.63901582155   0.0686475384089
2.73208051351   0.0654221179986
2.82842712475   0.0620773303691
2.92817139189   0.0584504886004
3.03143313302   0.0420907682009
3.13833639159   0.0379045095793
3.24900958542   0.0336208932298
3.36358566101   0.0292638076139
3.48220225318   0.0248608040014
3.60500185044   0.0204420467566
3.73213196615   0.0160391134355
3.8637453157   0.0112897502798
4.0   0.00694275902107
4.14105969537   0.00551544537166
4.28709385015   0.00496982841681
4.43827788827   0.00470978922621
4.59479341999   0.00453997324696
4.75682846001   0.00439847749971
4.92457765338   0.00426657145562
5.09824250928   0.0041389176126
5.27803164309   0.00401416452413
5.46416102702   0.00389209889272
5.65685424949   0.00377281526158
5.85634278378   0.00365647983989
6.06286626604   0.00354326385107
6.27667278317   0.00343332569626
6.49801917085   0.00332680852191
6.72717132203   0.00322384320711
6.96440450637   0.00312455265504
7.21000370089   0.00302905486884
7.46426393229   0.00293746313997
7.7274906314   0.00284988253963
8.0   0.00276640279871
8.28211939073   0.00268708844013
8.57418770029   0.00261196755398
8.87655577654   0.00254102081532
9.18958683998   0.00247417225432
9.51365692002   0.00241128297458
9.84915530676   0.00235214858336
10.1964850186   0.00229650064351
10.5560632862   0.0022440120524
10.928322054   0.00219430593225
11.313708499   0.0021469673853
11.7126855676   0.0021015573175
12.1257325321   0.00205762745172
12.5533455663   0.00201473562686
12.9960383417   0.00197246050858
13.4543426441   0.00193041491824
13.9288090127   0.00188825711505
14.4200074018   0.0018456995335
14.9285278646   0.00180251467014
15.4549812628   0.00175853801433
16.0   0.00171366810932
16.5642387815   0.0016678639984
17.1483754006   0.00162114044532
17.7531115531   0.00157356141106
18.37917368   0.00152523231961
19.02731384   0.00147629165294
19.6983106135   0.0014269023838
20.3929700371   0.00137724369094
21.1121265724   0.00132750331324
21.8566441081   0.0012778707974
22.627416998   0.00122853179157
23.4253711351   0.00117966344296
24.2514650642   0.00113143088039
25.1066911327   0.00108398470546
25.9920766834   0.00103745937974
26.9086852881   0.000991972376625
27.8576180255   0.000947623962735
28.8400148035   0.000904497478684
29.8570557292   0.000862660001227
30.9099625256   0.000822163283049
32.0   0.000783044882067
33.1284775629   0.000745329407183
34.2967508012   0.000709029821253
35.5062231062   0.000674148754487
36.7583473599   0.000640679792234
38.0546276801   0.00060860871038
39.396621227   0.000577914639345
40.7859400742   0.000548571144096
42.2242531447   0.000520547212889
43.7132882161   0.000493808151556
45.2548339959   0.00046831638348
46.8507422703   0.000444032157797
48.5029301283   0.000420914170142
50.2133822654   0.000398920101476
51.9841533668   0.000378007081243
53.8173705762   0.000358132081518
55.715236051   0.000339252248858
57.6800296071   0.000321325180491
59.7141114584   0.000304309151187
61.8199250512   0.000288163296788
64.0   0.000272847759928
66.2569551258   0.000258323803036
68.5935016023   0.000244553893181
71.0124462123   0.000231501762909
73.5166947198   0.000219132450706
76.1092553602   0.000207412324337
78.7932424541   0.000196309089887
81.5718801484   0.000185791788986
84.4485062895   0.000175830786347
87.4265764323   0.000166397749475
90.5096679919   0.000157465622133
93.7014845405   0.000149008592901
97.0058602567   0.00014100206
100.426764531   0.000133422593332
103.968306734   0.000126247894557
107.634741152   0.000119456755893
111.430472102   0.000113029018192
115.360059214   0.000106945528768
119.428222917   0.000101188099354
123.639850102   9.57394644907e-05
128.0   9.0583240603e-05
132.513910252   8.57038859486e-05
137.187003205   8.10866615955e-05
142.024892425   7.67175935392e-05
147.03338944   7.25834360428e-05
152.21851072   6.86716362564e-05
157.586484908   6.49703001527e-05
163.143760297   6.14681597953e-05
168.897012579   5.8154541946e-05
174.853152865   5.50193380017e-05
181.019335984   5.20529752449e-05
187.402969081   4.92463893837e-05
194.011720513   4.65909983517e-05
200.853529062   4.40786773328e-05
207.936613467   4.17017349741e-05
215.269482305   3.94528907474e-05
222.860944204   3.73252534165e-05
230.720118428   3.53123005707e-05
238.856445833   3.34078591788e-05
247.279700205   3.16060871236e-05
256.0   2.99014556732e-05
265.027820503   2.82887328485e-05
274.374006409   2.67629676457e-05
284.049784849   2.53194750738e-05
294.066778879   2.39538219701e-05
304.437021441   2.26618135542e-05
315.172969816   2.14394806868e-05
326.287520594   2.02830677966e-05
337.794025158   1.91890214445e-05
349.706305729   1.81539794897e-05
362.038671968   1.71747608312e-05
374.805938162   1.62483556919e-05
388.023441027   1.53719164196e-05
401.707058123   1.45427487778e-05
415.873226934   1.37583037e-05
430.53896461   1.30161694848e-05
445.721888408   1.23140644072e-05
461.440236857   1.16498297264e-05
477.712891667   1.10214230661e-05
494.55940041   1.04269121514e-05
512.0   9.86446887977e-06
530.055641007   9.33236371168e-06
548.748012819   8.82896036122e-06
568.099569699   8.35271077249e-06
588.133557758   7.90215036574e-06
608.874042881   7.47589353919e-06
630.345939633   7.07262941263e-06
652.575041187   6.69111780012e-06
675.588050316   6.33018539935e-06
699.412611458   5.98872218614e-06
724.077343935   5.66567800303e-06
749.611876324   5.36005933163e-06
776.046882053   5.07092623876e-06
803.414116246   4.79738948711e-06
831.746453869   4.53860780161e-06
861.07792922   4.29378528309e-06
891.443776815   4.06216896125e-06
922.880473713   3.84304647962e-06
955.425783334   3.63574390524e-06
989.118800819   3.43962365643e-06
1024.0   3.25408254228e-06
1060.11128201   3.07854990779e-06
1097.49602564   2.91248587915e-06
1136.1991394   2.75537970343e-06
1176.26711552   2.60674817799e-06
1217.74808576   2.46613416449e-06
1260.69187927   2.33310518302e-06
1305.15008237   2.20725208209e-06
1351.17610063   2.08818778033e-06
1398.82522292   1.97554607606e-06
1448.15468787   1.86898052101e-06
1499.22375265   1.76816335491e-06
1552.09376411   1.67278449738e-06
1606.82823249   1.58255059432e-06
1663.49290774   1.49718411566e-06
1722.15585844   1.41642250182e-06
1782.88755363   1.34001735618e-06
1845.76094743   1.26773368113e-06
1910.85156667   1.19934915528e-06
1978.23760164   1.13465344973e-06
2048.0   1.07344758114e-06
2120.22256403   1.01554329974e-06
2194.99205127   9.60762510396e-07
2272.39827879   9.08936724763e-07
2352.53423103   8.59906543148e-07
2435.49617153   8.13521164223e-07
2521.38375853   7.69637921217e-07
2610.30016475   7.28121843121e-07
2702.35220126   6.8884523957e-07
2797.65044583   6.516873081e-07
2896.30937574   6.16533762608e-07
2998.4475053   5.83276481845e-07
3104.18752821   5.51813176866e-07
3213.65646499   5.2204707643e-07
3326.98581548   4.93886629356e-07
3444.31171688   4.67245222946e-07
3565.77510726   4.42040916592e-07
3691.52189485   4.1819618975e-07
3821.70313333   3.95637703517e-07
3956.47520328   3.74296075057e-07
4096.0   3.54105664209e-07
