#z=4.05
#nu (Ryd)        Jnu (10^-21 erg s^-1 cm^-2 Hz^-1 sr^-1)
0.5   29.8467633856
0.517632461921   29.3412666373
0.535886731268   28.7903060808
0.554784736034   28.1548284424
0.574349177499   27.4277066346
0.594603557501   26.6024857577
0.615572206672   25.673655017
0.63728031366   24.6365908274
0.659753955386   23.4852655477
0.683020128377   22.1442546495
0.707106781187   20.7566678949
0.732042847973   19.0719630606
0.757858283255   16.9240536801
0.784584097897   15.1617399505
0.812252396356   13.2953361696
0.840896415254   11.3305345431
0.870550563296   9.27366224445
0.901250462611   7.13197589294
0.933032991537   4.84943567273
0.965936328925   2.55342286553
1.0   0.14589081279
1.03526492384   0.130023928623
1.07177346254   0.119936648845
1.10956947207   0.112115062272
1.148698355   0.106072978004
1.189207115   0.101412450095
1.23114441334   0.0978118085189
1.27456062732   0.0950144025412
1.31950791077   0.0928182187004
1.36604025675   0.0910664728192
1.41421356237   0.0896392266042
1.46408569595   0.0884460446773
1.51571656651   0.0874196834535
1.56916819579   0.0865107835351
1.62450479271   0.0856835172896
1.68179283051   0.0849121206149
1.74110112659   0.0841782135458
1.80250092522   0.0852203969462
1.86606598307   0.0827747602678
1.93187265785   0.0820898608038
2.0   0.0814099037462
2.07052984768   0.080732136452
2.14354692507   0.0800547946551
2.21913894414   0.0793768584208
2.29739670999   0.0786987675274
2.37841423001   0.0780261459939
2.46228882669   0.0773880358594
2.54912125464   0.0769236455458
2.63901582155   0.076940953828
2.73208051351   0.0780992206516
2.82842712475   0.0800120079581
2.92817139189   0.083127560496
3.03143313302   0.0687235819346
3.13833639159   0.0653408016449
3.24900958542   0.0608196695609
3.36358566101   0.0549656083076
3.48220225318   0.0477106618626
3.60500185044   0.0388128214018
3.73213196615   0.0262950440023
3.8637453157   0.0128468149556
4.0   0.0008342835077
4.14105969537   0.000531049912277
4.28709385015   0.000434539341173
4.43827788827   0.000400189091312
4.59479341999   0.000386075091172
4.75682846001   0.000378201284352
4.92457765338   0.000372107214546
5.09824250928   0.000366446815259
5.27803164309   0.000360845325017
5.46416102702   0.000355216526298
5.65685424949   0.000349555525002
5.85634278378   0.000343879083019
6.06286626604   0.000338209506727
6.27667278317   0.000332570715105
6.49801917085   0.000326987480467
6.72717132203   0.000321485385386
6.96440450637   0.000316090866383
7.21000370089   0.000310831197368
7.46426393229   0.000305734378358
7.7274906314   0.000300828909692
8.0   0.000296143427194
8.28211939073   0.00029170617564
8.57418770029   0.000287544313952
8.87655577654   0.00028368307316
9.18958683998   0.000280144818631
9.51365692002   0.00027694809122
9.84915530676   0.000274106710557
10.1964850186   0.000271629016015
10.5560632862   0.000269517300397
10.928322054   0.000267767464696
11.313708499   0.000266368896392
11.7126855676   0.00026530455343
12.1257325321   0.000264551223685
12.5533455663   0.00026407992492
12.9960383417   0.000263856411475
13.4543426441   0.000263841759254
13.9288090127   0.000263993008031
14.4200074018   0.000264263848279
14.9285278646   0.000264605347246
15.4549812628   0.000264966714786
16.0   0.000265296112326
16.5642387815   0.000265541507503
17.1483754006   0.000265651571858
17.7531115531   0.000265576610162
18.37917368   0.000265269499338
19.02731384   0.000264686605563
19.6983106135   0.000263788642906
20.3929700371   0.000262541437546
21.1121265724   0.000260916567754
21.8566441081   0.000258891859334
22.627416998   0.000256451726145
23.4253711351   0.000253587353295
24.2514650642   0.000250296725668
25.1066911327   0.000246584506859
25.9920766834   0.000242461774719
26.9086852881   0.000237945620917
27.8576180255   0.000233058624215
28.8400148035   0.000227828210864
29.8570557292   0.000222285920196
30.9099625256   0.000216466598373
32.0   0.000210407547429
33.1284775629   0.000204147659299
34.2967508012   0.00019772656514
35.5062231062   0.000191183828598
36.7583473599   0.000184558208123
38.0546276801   0.000177887008299
39.396621227   0.000171205534109
40.7859400742   0.000164546655732
42.2242531447   0.000157940485351
43.7132882161   0.000151414162159
45.2548339959   0.000144991737423
46.8507422703   0.000138694148331
48.5029301283   0.000132539267465
50.2133822654   0.000126542013883
51.9841533668   0.000120714511863
53.8173705762   0.000115066284204
55.715236051   0.000109604468208
57.6800296071   0.000104334044097
59.7141114584   9.92580672814e-05
61.8199250512   9.43778976428e-05
64.0   8.96934205535e-05
66.2569551258   8.52032558183e-05
68.5935016023   8.09049519583e-05
71.0124462123   7.67951642981e-05
73.5166947198   7.28698161532e-05
76.1092553602   6.91242430674e-05
78.7932424541   6.55533205389e-05
81.5718801484   6.21515760216e-05
84.4485062895   5.89132862198e-05
87.4265764323   5.58325608333e-05
90.5096679919   5.29034139795e-05
93.7014845405   5.01198245257e-05
97.0058602567   4.74757865411e-05
100.426764531   4.49653510189e-05
103.968306734   4.25826599471e-05
107.634741152   4.03219737193e-05
111.430472102   3.81776927912e-05
115.360059214   3.6144374394e-05
119.428222917   3.42167450331e-05
123.639850102   3.23897094124e-05
128.0   3.06583563513e-05
132.513910252   2.90179621868e-05
137.187003205   2.746399209e-05
142.024892425   2.59920996681e-05
147.03338944   2.45981251695e-05
152.21851072   2.3278092566e-05
157.586484908   2.20282057441e-05
163.143760297   2.08448440018e-05
168.897012579   1.97245570188e-05
174.853152865   1.86640594381e-05
181.019335984   1.76602251773e-05
187.402969081   1.67100815651e-05
194.011720513   1.58108033847e-05
200.853529062   1.49597068885e-05
207.936613467   1.41542438388e-05
215.269482305   1.33919956153e-05
222.860944204   1.26706674268e-05
230.720118428   1.19880826505e-05
238.856445833   1.13421773226e-05
247.279700205   1.07309947928e-05
256.0   1.01526805562e-05
265.027820503   9.60547726785e-06
274.374006409   9.08771994683e-06
284.049784849   8.59783136969e-06
294.066778879   8.13431765508e-06
304.437021441   7.69576403729e-06
315.172969816   7.28083082629e-06
326.287520594   6.88824955054e-06
337.794025158   6.51681927806e-06
349.706305729   6.16540311084e-06
362.038671968   5.83292484691e-06
374.805938162   5.51836580458e-06
388.023441027   5.22076180264e-06
401.707058123   4.93920029063e-06
415.873226934   4.67281762295e-06
430.53896461   4.42079647085e-06
445.721888408   4.18236336622e-06
461.440236857   3.95678637129e-06
477.712891667   3.74337286849e-06
494.55940041   3.54146746483e-06
512.0   3.35045000533e-06
530.055641007   3.16973369032e-06
548.748012819   2.99876329142e-06
568.099569699   2.83701346139e-06
588.133557758   2.68398713315e-06
608.874042881   2.5392140034e-06
630.345939633   2.40224909667e-06
652.575041187   2.27267140562e-06
675.588050316   2.15008260359e-06
699.412611458   2.03410582579e-06
724.077343935   1.92438451552e-06
749.611876324   1.820581332e-06
776.046882053   1.72237711655e-06
803.414116246   1.62946991419e-06
831.746453869   1.54157404758e-06
861.07792922   1.45841924063e-06
891.443776815   1.3797497891e-06
922.880473713   1.30532377577e-06
955.425783334   1.23491232771e-06
989.118800819   1.16829891349e-06
1024.0   1.10527867813e-06
1060.11128201   1.04565781387e-06
1097.49602564   9.89252964713e-07
1136.1991394   9.35890663109e-07
1176.26711552   8.85406796858e-07
1217.74808576   8.37646104776e-07
1260.69187927   7.92461699502e-07
1305.15008237   7.49714616001e-07
1351.17610063   7.09273384397e-07
1398.82522292   6.71013625814e-07
1448.15468787   6.34817669996e-07
1499.22375265   6.00574193537e-07
1552.09376411   5.68177877603e-07
1606.82823249   5.37529084111e-07
1663.49290774   5.08533549354e-07
1722.15585844   4.8110209415e-07
1782.88755363   4.55150349617e-07
1845.76094743   4.30598497727e-07
1910.85156667   4.07371025859e-07
1978.23760164   3.85396494582e-07
2048.0   3.64607317953e-07
2120.22256403   3.44939555677e-07
2194.99205127   3.26332716467e-07
2272.39827879   3.08729572005e-07
2352.53423103   2.92075980945e-07
2435.49617153   2.76320722404e-07
2521.38375853   2.61415338431e-07
2610.30016475   2.47313984978e-07
2702.35220126   2.33973290899e-07
2797.65044583   2.2135222457e-07
2896.30937574   2.09411967684e-07
2998.4475053   1.98115795872e-07
3104.18752821   1.87428965744e-07
3213.65646499   1.77318608043e-07
3326.98581548   1.67753626542e-07
3444.31171688   1.58704602413e-07
3565.77510726   1.50143703738e-07
3691.52189485   1.42044599915e-07
3821.70313333   1.3438238067e-07
3956.47520328   1.27133479442e-07
4096.0   1.20275600905e-07
