#z=7.2
#nu (Ryd)        Jnu (10^-21 erg s^-1 cm^-2 Hz^-1 sr^-1)
0.5   331.862768455
0.517632461921   27.8274482195
0.535886731268   27.7200602953
0.554784736034   27.5761613168
0.574349177499   27.3516244937
0.594603557501   27.0969460321
0.615572206672   26.7704921428
0.63728031366   26.3575293638
0.659753955386   25.840447828
0.683020128377   25.2065406511
0.707106781187   24.4191498121
0.732042847973   23.3749323544
0.757858283255   21.3266455694
0.784584097897   19.6876699139
0.812252396356   17.9005604969
0.840896415254   15.8199804608
0.870550563296   13.4111507718
0.901250462611   10.6420071382
0.933032991537   7.48134190508
0.965936328925   3.89985635355
1.0   0.0671549067825
1.03526492384   0.0588395432275
1.07177346254   0.0538855813547
1.10956947207   0.0500913241296
1.148698355   0.0472232926397
1.189207115   0.0450861919389
1.23114441334   0.0435187136214
1.27456062732   0.0423893459196
1.31950791077   0.0415923144449
1.36604025675   0.0410437439161
1.41421356237   0.0406781018582
1.46408569595   0.0404449625947
1.51571656651   0.0403061146684
1.56916819579   0.0402330254136
1.62450479271   0.0402046696413
1.68179283051   0.0402057219732
1.74110112659   0.0402251020558
1.80250092522   0.0414033614559
1.86606598307   0.0402892813175
1.93187265785   0.0403244032202
2.0   0.0403574749144
2.07052984768   0.04038670935
2.14354692507   0.0404110314475
2.21913894414   0.0404298695469
2.29739670999   0.0404429628461
2.37841423001   0.0404501868401
2.46228882669   0.040451410579
2.54912125464   0.0404464024177
2.63901582155   0.0404347921031
2.73208051351   0.0404160813043
2.82842712475   0.0403895629728
2.92817139189   0.0403538654382
3.03143313302   0.0402959610949
3.13833639159   0.040180159477
3.24900958542   0.0399189394986
3.36358566101   0.0392598370382
3.48220225318   0.0376317962995
3.60500185044   0.0338667174222
3.73213196615   0.025821484724
3.8637453157   0.00994856964615
4.0   7.5591359044e-31
4.14105969537   1.45950548419e-30
4.28709385015   4.60191316971e-29
4.43827788827   1.25255010643e-27
4.59479341999   2.91306404898e-26
4.75682846001   5.778032376e-25
4.92457765338   9.78913235547e-24
5.09824250928   1.42088165158e-22
5.27803164309   1.77370660009e-21
5.46416102702   1.91248570435e-20
5.65685424949   1.78958184296e-19
5.85634278378   1.46053049371e-18
6.06286626604   1.04505431229e-17
6.27667278317   6.59126377255e-17
6.49801917085   3.6844979299e-16
6.72717132203   1.83556900883e-15
6.96440450637   8.19510810755e-15
7.21000370089   3.29706672188e-14
7.46426393229   1.20187881889e-13
7.7274906314   3.99101932015e-13
8.0   1.21359753008e-12
8.28211939073   3.39662208272e-12
8.57418770029   8.79311901307e-12
8.87655577654   2.11555243094e-11
9.18958683998   4.75189966166e-11
9.51365692002   1.00083814293e-10
9.84915530676   1.98480009807e-10
10.1964850186   3.7208646865e-10
10.5560632862   6.61883063793e-10
10.928322054   1.1212129646e-09
11.313708499   1.81489628443e-09
11.7126855676   2.81639042796e-09
12.1257325321   4.20308983038e-09
12.5533455663   6.05028814607e-09
12.9960383417   8.42465678344e-09
13.4543426441   1.13782235242e-08
13.9288090127   1.49437326004e-08
14.4200074018   1.91319781774e-08
14.9285278646   2.39313220531e-08
15.4549812628   2.9309238077e-08
16.0   3.52154491332e-08
16.5642387815   4.15860742292e-08
17.1483754006   4.83481802716e-08
17.7531115531   5.54242063293e-08
18.37917368   6.27358582333e-08
19.02731384   7.02072211112e-08
19.6983106135   7.77669789383e-08
20.3929700371   8.5349746511e-08
21.1121265724   9.28966034199e-08
21.8566441081   1.00354971785e-07
22.627416998   1.07678004181e-07
23.4253711351   1.14823651743e-07
24.2514650642   1.21753571466e-07
25.1066911327   1.28432012082e-07
25.9920766834   1.34824794038e-07
26.9086852881   1.40898474102e-07
27.8576180255   1.46619760668e-07
28.8400148035   1.51955222476e-07
29.8570557292   1.5687131122e-07
30.9099625256   1.6133469681e-07
32.0   1.65312892747e-07
33.1284775629   1.68775128142e-07
34.2967508012   1.71693403199e-07
35.5062231062   1.74043648013e-07
36.7583473599   1.7580689229e-07
38.0546276801   1.7697034839e-07
39.396621227   1.77528313567e-07
40.7859400742   1.77482810328e-07
42.2242531447   1.76843905556e-07
43.7132882161   1.75629677261e-07
45.2548339959   1.73865828957e-07
46.8507422703   1.71584981698e-07
48.5029301283   1.68825698959e-07
50.2133822654   1.65631317022e-07
51.9841533668   1.62048662057e-07
53.8173705762   1.58126734735e-07
55.715236051   1.53915435409e-07
57.6800296071   1.49464389775e-07
59.7141114584   1.44821918947e-07
61.8199250512   1.40034181207e-07
64.0   1.35144497256e-07
66.2569551258   1.30192857696e-07
68.5935016023   1.25215601393e-07
71.0124462123   1.20245246437e-07
73.5166947198   1.15310451373e-07
76.1092553602   1.10436082767e-07
78.7932424541   1.05643365501e-07
81.5718801484   1.00950093791e-07
84.4485062895   9.63708834124e-08
87.4265764323   9.1917448511e-08
90.5096679919   8.75988893677e-08
93.7014845405   8.34219803643e-08
97.0058602567   7.939145003e-08
100.426764531   7.5510247325e-08
103.968306734   7.17797902473e-08
107.634741152   6.82001944079e-08
111.430472102   6.47704804553e-08
115.360059214   6.14887601655e-08
119.428222917   5.83524017012e-08
123.639850102   5.53581750232e-08
128.0   5.25023787508e-08
132.513910252   4.97809499465e-08
137.187003205   4.71895583894e-08
142.024892425   4.47236869044e-08
147.03338944   4.23786992781e-08
152.21851072   4.0149897214e-08
157.586484908   3.80325676771e-08
163.143760297   3.60220218724e-08
168.897012579   3.41136269824e-08
174.853152865   3.23028316738e-08
181.019335984   3.05851862731e-08
187.402969081   2.89563584055e-08
194.011720513   2.74121447924e-08
200.853529062   2.59484798173e-08
207.936613467   2.45614413856e-08
215.269482305   2.32472545349e-08
222.860944204   2.20022931873e-08
230.720118428   2.08230803787e-08
238.856445833   1.97062872518e-08
247.279700205   1.86487310551e-08
256.0   1.7647372355e-08
265.027820503   1.66993116325e-08
274.374006409   1.58017854117e-08
284.049784849   1.4952162042e-08
294.066778879   1.41479372335e-08
304.437021441   1.33867294319e-08
315.172969816   1.26662751e-08
326.287520594   1.19844239636e-08
337.794025158   1.13391342668e-08
349.706305729   1.07284680744e-08
362.038671968   1.01505866492e-08
374.805938162   9.60374592891e-09
388.023441027   9.08629211952e-09
401.707058123   8.59665741766e-09
415.873226934   8.13335587282e-09
430.53896461   7.69497939504e-09
445.721888408   7.28019391249e-09
461.440236857   6.88773568085e-09
477.712891667   6.51640774488e-09
494.55940041   6.16507655119e-09
512.0   5.83266871023e-09
530.055641007   5.51816790456e-09
548.748012819   5.22061193998e-09
568.099569699   4.93908993554e-09
588.133557758   4.67273964792e-09
608.874042881   4.42074492588e-09
630.345939633   4.18233328965e-09
652.575041187   3.95677363074e-09
675.588050316   3.7433740271e-09
699.412611458   3.54147966875e-09
724.077343935   3.35047088924e-09
749.611876324   3.16976129792e-09
776.046882053   2.99879600872e-09
803.414116246   2.83704996061e-09
831.746453869   2.68402632564e-09
861.07792922   2.53925500012e-09
891.443776815   2.40229117504e-09
922.880473713   2.27271398165e-09
955.425783334   2.15012520859e-09
989.118800819   2.0341480868e-09
1024.0   1.92442613895e-09
1060.11128201   1.82062208986e-09
1097.49602564   1.72241683505e-09
1136.1991394   1.62950846409e-09
1176.26711552   1.54161133619e-09
1217.74808576   1.45845520514e-09
1260.69187927   1.37978439099e-09
1305.15008237   1.30535699617e-09
1351.17610063   1.23494416352e-09
1398.82522292   1.16832937419e-09
1448.15468787   1.10530778311e-09
1499.22375265   1.04568559023e-09
1552.09376411   9.89279445475e-10
1606.82823249   9.35915885682e-10
1663.49290774   8.85430801833e-10
1722.15585844   8.37668934923e-10
1782.88755363   7.9248339895e-10
1845.76094743   7.49735229581e-10
1910.85156667   7.0929295711e-10
1978.23760164   6.71032202407e-10
2048.0   6.3483529463e-10
2120.22256403   6.00590909525e-10
2194.99205127   5.68193727209e-10
2272.39827879   5.37544108402e-10
2352.53423103   5.08547788091e-10
2435.49617153   4.81115585711e-10
2521.38375853   4.5516313095e-10
2610.30016475   4.30610604329e-10
2702.35220126   4.07382491762e-10
2797.65044583   3.8540735236e-10
2896.30937574   3.64617598744e-10
2998.4475053   3.44949289206e-10
3104.18752821   3.2634193108e-10
3213.65646499   3.08738294707e-10
3326.98581548   2.92084237445e-10
3444.31171688   2.76328537154e-10
3565.77510726   2.61422734678e-10
3691.52189485   2.47320984807e-10
3821.70313333   2.33979915284e-10
3956.47520328   2.21358493418e-10
4096.0   2.09417899885e-10
