#z=2.05
#nu (Ryd)        Jnu (10^-21 erg s^-1 cm^-2 Hz^-1 sr^-1)
0.5   12.0734535887
0.517632461921   11.550691555
0.535886731268   11.0784472907
0.554784736034   10.5889798105
0.574349177499   10.0802492799
0.594603557501   9.55973428669
0.615572206672   9.02558849177
0.63728031366   8.47857958008
0.659753955386   7.91952363241
0.683020128377   7.34746869718
0.707106781187   6.76614426325
0.732042847973   6.08336923014
0.757858283255   5.28654277956
0.784584097897   4.6768510837
0.812252396356   4.05490140976
0.840896415254   3.43168999754
0.870550563296   2.8033800188
0.901250462611   2.17092951675
0.933032991537   1.53544612308
0.965936328925   0.89745767843
1.0   0.20504194269
1.03526492384   0.189906431397
1.07177346254   0.178008104917
1.10956947207   0.168249799937
1.148698355   0.160150177272
1.189207115   0.153325631964
1.23114441334   0.147474265476
1.27456062732   0.142361524384
1.31950791077   0.137807554943
1.36604025675   0.133676264307
1.41421356237   0.129866089886
1.46408569595   0.126302315276
1.51571656651   0.122931619716
1.56916819579   0.119719460569
1.62450479271   0.116646660365
1.68179283051   0.113701018613
1.74110112659   0.110878171926
1.80250092522   0.108432602467
1.86606598307   0.10563203973
1.93187265785   0.103235977193
2.0   0.101085471301
2.07052984768   0.0990458392292
2.14354692507   0.0972159991224
2.21913894414   0.0955710751374
2.29739670999   0.0940687738649
2.37841423001   0.0926953435637
2.46228882669   0.0913791942952
2.54912125464   0.0900420227261
2.63901582155   0.0885899004875
2.73208051351   0.0870715309935
2.82842712475   0.0850412948532
2.92817139189   0.0824700900019
3.03143313302   0.0573222674272
3.13833639159   0.0522757363925
3.24900958542   0.046508746977
3.36358566101   0.0407744797658
3.48220225318   0.034761817912
3.60500185044   0.0284883185859
3.73213196615   0.021990120615
3.8637453157   0.0153119176893
4.0   0.00814457740346
4.14105969537   0.00611913899988
4.28709385015   0.00537904726614
4.43827788827   0.00505369315214
4.59479341999   0.00485988025349
4.75682846001   0.0047070616392
4.92457765338   0.00456750296872
5.09824250928   0.00443310637309
5.27803164309   0.00430167378819
5.46416102702   0.00417272628508
5.65685424949   0.00404628179008
5.85634278378   0.00392250494816
6.06286626604   0.00380160258846
6.27667278317   0.00368378724156
6.49801917085   0.00356926165818
6.72717132203   0.00345821243489
6.96440450637   0.003350809082
7.21000370089   0.00324720619176
7.46426393229   0.00314754639244
7.7274906314   0.00305196196703
8.0   0.00296057362334
8.28211939073   0.00287348579557
8.57418770029   0.00279077879606
8.87655577654   0.00271249889269
9.18958683998   0.00263864781862
9.51365692002   0.00256917329053
9.84915530676   0.00250396187956
10.1964850186   0.00244283516108
10.5560632862   0.00238554959205
10.928322054   0.00233180012561
11.313708499   0.00228122722987
11.7126855676   0.0022334267464
12.1257325321   0.00218796189401
12.5533455663   0.00214437667194
12.9960383417   0.0021022099209
13.4543426441   0.00206100934094
13.9288090127   0.00202034482731
14.4200074018   0.00197982056171
14.9285278646   0.00193908537996
15.4549812628   0.00189784103104
16.0   0.00185584804648
16.5642387815   0.0018129290577
17.1483754006   0.00176896953099
17.7531115531   0.00172391603078
18.37917368   0.00167777226179
19.02731384   0.0016305932643
19.6983106135   0.00158247822924
20.3929700371   0.00153356244715
21.1121265724   0.00148400890409
21.8566441081   0.00143399998883
22.627416998   0.00138372969409
23.4253711351   0.00133339659297
24.2514650642   0.00128319776798
25.1066911327   0.00123332377608
25.9920766834   0.00118395465629
26.9086852881   0.00113525693018
27.8576180255   0.00108738150799
28.8400148035   0.00104046239231
29.8570557292   0.000994616061841
30.9099625256   0.000949941418068
32.0   0.000906520182797
33.1284775629   0.000864417643615
34.2967508012   0.00082368365533
35.5062231062   0.000784353817202
36.7583473599   0.00074645075781
38.0546276801   0.000709985471006
39.396621227   0.000674958657385
40.7859400742   0.000641362035665
42.2242531447   0.000609179597292
43.7132882161   0.0005783887853
45.2548339959   0.000548961585002
46.8507422703   0.000520865519455
48.5029301283   0.000494064546967
50.2133822654   0.000468519861239
51.9841533668   0.000444190597237
53.8173705762   0.000421034447647
55.715236051   0.000399008195965
57.6800296071   0.000378068172907
59.7141114584   0.00035817064322
61.8199250512   0.000339272129913
64.0   0.00032132968281
66.2569551258   0.000304301097958
68.5935016023   0.00028814509402
71.0124462123   0.000272821451278
73.5166947198   0.000258291118388
76.1092553602   0.000244516291503
78.7932424541   0.000231460469889
81.5718801484   0.000219088491691
84.4485062895   0.000207366553054
87.4265764323   0.000196262213421
90.5096679919   0.000185744389423
93.7014845405   0.000175783339495
97.0058602567   0.000166350641015
100.426764531   0.000157419161512
103.968306734   0.000148963025271
107.634741152   0.000140957576445
111.430472102   0.000133379339619
115.360059214   0.000126205978609
119.428222917   0.000119416254154
123.639850102   0.000112989981042
128.0   0.000106907985121
132.513910252   0.000101152060551
137.187003205   9.57049275954e-05
142.024892425   9.05501911774e-05
147.03338944   8.56723003922e-05
152.21851072   8.10565091079e-05
157.586484908   7.66888377634e-05
163.143760297   7.2556036436e-05
168.897012579   6.86455492304e-05
174.853152865   6.49454800179e-05
181.019335984   6.14445595391e-05
187.402969081   5.81321138711e-05
194.011720513   5.49980342453e-05
200.853529062   5.20327481991e-05
207.936613467   4.92271920314e-05
215.269482305   4.65727845325e-05
222.860944204   4.40614019503e-05
230.720118428   4.16853541536e-05
238.856445833   3.94373619532e-05
247.279700205   3.73105355353e-05
256.0   3.52983539671e-05
265.027820503   3.33946457278e-05
274.374006409   3.15935702245e-05
284.049784849   2.98896002484e-05
294.066778879   2.82775053301e-05
304.437021441   2.67523359523e-05
315.172969816   2.53094085798e-05
326.287520594   2.39442914692e-05
337.794025158   2.26527912184e-05
349.706305729   2.14309400221e-05
362.038671968   2.0274983597e-05
374.805938162   1.91813697438e-05
388.023441027   1.81467375132e-05
401.707058123   1.7167906947e-05
415.873226934   1.62418693623e-05
430.53896461   1.53657781535e-05
445.721888408   1.45369400834e-05
461.440236857   1.37528070392e-05
477.712891667   1.30109682282e-05
494.55940041   1.23091427913e-05
512.0   1.16451728111e-05
530.055641007   1.10170166951e-05
548.748012819   1.04227429127e-05
568.099569699   9.86052406907e-06
588.133557758   9.32863129632e-06
608.874042881   8.82542894616e-06
630.345939633   8.3493695677e-06
652.575041187   7.89898915507e-06
675.588050316   7.47290265064e-06
699.412611458   7.06979969013e-06
724.077343935   6.68844057657e-06
749.611876324   6.32765247103e-06
776.046882053   5.98632578833e-06
803.414116246   5.66341078691e-06
831.746453869   5.35791434229e-06
861.07792922   5.06889689434e-06
891.443776815   4.79546955902e-06
922.880473713   4.53679139576e-06
955.425783334   4.29206682204e-06
989.118800819   4.06054316736e-06
1024.0   3.84150835904e-06
1060.11128201   3.63428873273e-06
1097.49602564   3.43824696102e-06
1136.1991394   3.25278009361e-06
1176.26711552   3.07731770327e-06
1217.74808576   2.91132013168e-06
1260.69187927   2.7542768299e-06
1305.15008237   2.6057047883e-06
1351.17610063   2.46514705116e-06
1398.82522292   2.3321713114e-06
1448.15468787   2.20636858107e-06
1499.22375265   2.08735193354e-06
1552.09376411   1.97475531352e-06
1606.82823249   1.86823241131e-06
1663.49290774   1.76745559768e-06
1722.15585844   1.67211491629e-06
1782.88755363   1.58191713036e-06
1845.76094743   1.49658482085e-06
1910.85156667   1.41585553322e-06
1978.23760164   1.33948097022e-06
2048.0   1.26722622827e-06
2120.22256403   1.19886907493e-06
2194.99205127   1.13419926546e-06
2272.39827879   1.07301789614e-06
2352.53423103   1.01513679256e-06
2435.49617153   9.60377930814e-07
2521.38375853   9.08572890018e-07
2610.30016475   8.5956233426e-07
2702.35220126   8.13195522566e-07
2797.65044583   7.69329845264e-07
2896.30937574   7.27830385365e-07
2998.4475053   6.88569503608e-07
3104.18752821   6.51426445881e-07
3213.65646499   6.16286971825e-07
3326.98581548   5.83043003465e-07
3444.31171688   5.51592292798e-07
3565.77510726   5.21838107317e-07
3691.52189485   4.93688932485e-07
3821.70313333   4.67058190274e-07
3956.47520328   4.41863972871e-07
4096.0   4.18028790765e-07
