#z=3.55
#nu (Ryd)        Jnu (10^-21 erg s^-1 cm^-2 Hz^-1 sr^-1)
0.5   26.3746367499
0.517632461921   25.788242211
0.535886731268   25.1777599291
0.554784736034   24.4910665789
0.574349177499   23.724740386
0.594603557501   22.8743363933
0.615572206672   21.8924694544
0.63728031366   20.868011431
0.659753955386   19.7621412268
0.683020128377   18.573401135
0.707106781187   17.3064128954
0.732042847973   15.7802433323
0.757858283255   13.9089082827
0.784584097897   12.3921201295
0.812252396356   10.812547937
0.840896415254   9.13565319717
0.870550563296   7.43993763614
0.901250462611   5.70259062678
0.933032991537   3.92191335453
0.965936328925   2.10170380751
1.0   0.163942232036
1.03526492384   0.146695483166
1.07177346254   0.135750987125
1.10956947207   0.127176385746
1.148698355   0.120457268291
1.189207115   0.115174719353
1.23114441334   0.110991859176
1.27456062732   0.107641301834
1.31950791077   0.104913685761
1.36604025675   0.102647365658
1.41421356237   0.100719304574
1.46408569595   0.0990371684145
1.51571656651   0.0975325976008
1.56916819579   0.0961556068518
1.62450479271   0.0948700402297
1.68179283051   0.0936499837887
1.74110112659   0.092477013564
1.80250092522   0.0932531102221
1.86606598307   0.0902243030493
1.93187265785   0.0891292574212
2.0   0.0880489740436
2.07052984768   0.0869809906199
2.14354692507   0.0859257773445
2.21913894414   0.0848928862049
2.29739670999   0.083933531591
2.37841423001   0.0831681346063
2.46228882669   0.0827213445372
2.54912125464   0.0826855456375
2.63901582155   0.0831630374704
2.73208051351   0.0848112132902
2.82842712475   0.0869868785051
2.92817139189   0.0901684502134
3.03143313302   0.0686247013536
3.13833639159   0.0645540143519
3.24900958542   0.0596103059618
3.36358566101   0.0528691166248
3.48220225318   0.0454367285667
3.60500185044   0.0366264326456
3.73213196615   0.0263198898211
3.8637453157   0.0144359990131
4.0   0.00229317234182
4.14105969537   0.00147332945892
4.28709385015   0.00120567401287
4.43827788827   0.00110550291563
4.59479341999   0.00105940531786
4.75682846001   0.00103006929991
4.92457765338   0.00100574832571
5.09824250928   0.000982919364586
5.27803164309   0.00096059157317
5.46416102702   0.000938522078383
5.65685424949   0.000916681605271
5.85634278378   0.000895100901926
6.06286626604   0.000873827663957
6.27667278317   0.000852914236978
6.49801917085   0.000832413860849
6.72717132203   0.000812379547322
6.96440450637   0.000792863986369
7.21000370089   0.000773919897196
7.46426393229   0.000755600451995
7.7274906314   0.000737959459024
8.0   0.00072105105471
8.28211939073   0.000704928751977
8.57418770029   0.000689643817245
8.87655577654   0.000675243080151
9.18958683998   0.000661766390266
9.51365692002   0.000649243999977
9.84915530676   0.000637694160633
10.1964850186   0.00062712117444
10.5560632862   0.000617514065147
10.928322054   0.000608845939339
11.313708499   0.000601074027893
11.7126855676   0.000594140336485
12.1257325321   0.000587972799111
12.5533455663   0.000582486816917
12.9960383417   0.000577587070619
13.4543426441   0.000573169512584
13.9288090127   0.000569123468583
14.4200074018   0.00056533380457
14.9285278646   0.000561683135894
15.4549812628   0.00055805407073
16.0   0.000554331482574
16.5642387815   0.000550404796639
17.1483754006   0.000546170253401
17.7531115531   0.000541533085067
18.37917368   0.000536409516112
19.02731384   0.00053072848653
19.6983106135   0.000524433001849
20.3929700371   0.0005174810372
21.1121265724   0.000509845958049
21.8566441081   0.000501516458682
22.627416998   0.000492496052912
23.4253711351   0.000482802174636
24.2514650642   0.00047246495786
25.1066911327   0.000461525768776
25.9920766834   0.000450035559956
26.9086852881   0.000438053111926
27.8576180255   0.000425643222432
28.8400148035   0.000412874899132
29.8570557292   0.000399819607091
30.9099625256   0.000386549617425
32.0   0.000373136497269
33.1284775629   0.000359649773471
34.2967508012   0.000346155793441
35.5062231062   0.000332716796737
36.7583473599   0.000319390201168
38.0546276801   0.000306228098042
39.396621227   0.000293276943407
40.7859400742   0.000280577426079
42.2242531447   0.000268164489126
43.7132882161   0.000256067479294
45.2548339959   0.000244310398318
46.8507422703   0.00023291223098
48.5029301283   0.000221887326731
50.2133822654   0.00021124581431
51.9841533668   0.000200994031864
53.8173705762   0.000191134958163
55.715236051   0.00018166863359
57.6800296071   0.000172592562373
59.7141114584   0.000163902090022
61.8199250512   0.000155590752066
64.0   0.000147650591923
66.2569551258   0.000140072447148
68.5935016023   0.000132846204371
71.0124462123   0.000125961024026
73.5166947198   0.000119405536527
76.1092553602   0.000113168011919
78.7932424541   0.000107236505191
81.5718801484   0.000101598979575
84.4485062895   9.62434100939e-05
87.4265764323   9.11578695805e-05
90.5096679919   8.63305992573e-05
93.7014845405   8.17500658217e-05
97.0058602567   7.74050068233e-05
100.426764531   7.32844659515e-05
103.968306734   6.93778196847e-05
107.634741152   6.56747965949e-05
111.430472102   6.21654904468e-05
115.360059214   5.88403680942e-05
119.428222917   5.56902730463e-05
123.639850102   5.2706425459e-05
128.0   4.98804192065e-05
132.513910252   4.72042165918e-05
137.187003205   4.46701411755e-05
142.024892425   4.22708691288e-05
147.03338944   3.99994194573e-05
152.21851072   3.78491433831e-05
157.586484908   3.58137131296e-05
163.143760297   3.3887110311e-05
168.897012579   3.20636140948e-05
174.853152865   3.03377892728e-05
181.019335984   2.87044743569e-05
187.402969081   2.71587697867e-05
194.011720513   2.56960263236e-05
200.853529062   2.43118336889e-05
207.936613467   2.30020094885e-05
215.269482305   2.17625884593e-05
222.860944204   2.05898120601e-05
230.720118428   1.94801184263e-05
238.856445833   1.84301326951e-05
247.279700205   1.74366577115e-05
256.0   1.64966651123e-05
265.027820503   1.56072867889e-05
274.374006409   1.47658067231e-05
284.049784849   1.39696531892e-05
294.066778879   1.3216391314e-05
304.437021441   1.25037159856e-05
315.172969816   1.18294450989e-05
326.287520594   1.11915131287e-05
337.794025158   1.05879650158e-05
349.706305729   1.00169503574e-05
362.038671968   9.47671788642e-06
374.805938162   8.96561022981e-06
388.023441027   8.48205893341e-06
401.707058123   8.02457974074e-06
415.873226934   7.59176811505e-06
430.53896461   7.18229499288e-06
445.721888408   6.79490275831e-06
461.440236857   6.42840142729e-06
477.712891667   6.08166503183e-06
494.55940041   5.75362819412e-06
512.0   5.44328288124e-06
530.055641007   5.14967533132e-06
548.748012819   4.8719031424e-06
568.099569699   4.60911251585e-06
588.133557758   4.36049564624e-06
608.874042881   4.12528825025e-06
630.345939633   3.90276722726e-06
652.575041187   3.69224844484e-06
675.588050316   3.4930846427e-06
699.412611458   3.3046634486e-06
724.077343935   3.1264055007e-06
749.611876324   2.95776267035e-06
776.046882053   2.79821638035e-06
803.414116246   2.64727601333e-06
831.746453869   2.5044774057e-06
861.07792922   2.36938142243e-06
891.443776815   2.24157260842e-06
922.880473713   2.1206579125e-06
955.425783334   2.00626547987e-06
989.118800819   1.89804350972e-06
1024.0   1.79565917415e-06
1060.11128201   1.69879759538e-06
1097.49602564   1.60716087806e-06
1136.1991394   1.52046719359e-06
1176.26711552   1.43844991386e-06
1217.74808576   1.36085679159e-06
1260.69187927   1.28744918489e-06
1305.15008237   1.21800132359e-06
1351.17610063   1.15229961506e-06
1398.82522292   1.0901419875e-06
1448.15468787   1.03133726865e-06
1499.22375265   9.75704597893e-07
1552.09376411   9.23072870185e-07
1606.82823249   8.73280209845e-07
1663.49290774   8.26173472793e-07
1722.15585844   7.816077756e-07
1782.88755363   7.39446049935e-07
1845.76094743   6.99558621042e-07
1910.85156667   6.61822808948e-07
1978.23760164   6.26122551175e-07
2048.0   5.92348045802e-07
2120.22256403   5.60395413773e-07
2194.99205127   5.30166379427e-07
2272.39827879   5.01567968243e-07
2352.53423103   4.74512220906e-07
2435.49617153   4.48915922778e-07
2521.38375853   4.24700347969e-07
2610.30016475   4.01791017211e-07
2702.35220126   3.80117468794e-07
2797.65044583   3.59613041849e-07
2896.30937574   3.4021467133e-07
2998.4475053   3.2186269405e-07
3104.18752821   3.04500665177e-07
3213.65646499   2.88075184634e-07
3326.98581548   2.72535732859e-07
3444.31171688   2.57834515424e-07
3565.77510726   2.43926316037e-07
3691.52189485   2.30768357474e-07
3821.70313333   2.18320170007e-07
3956.47520328   2.06543466939e-07
4096.0   1.95402026841e-07
