#z=6.3
#nu (Ryd)        Jnu (10^-21 erg s^-1 cm^-2 Hz^-1 sr^-1)
0.5   31.9009036625
0.517632461921   31.7268191743
0.535886731268   31.5360659368
0.554784736034   31.2901717878
0.574349177499   30.9787241494
0.594603557501   30.5885988821
0.615572206672   30.1049792721
0.63728031366   29.5113208844
0.659753955386   28.7894394409
0.683020128377   27.918841662
0.707106781187   26.7529746311
0.732042847973   25.4127127393
0.757858283255   23.0900468562
0.784584097897   21.2967139866
0.812252396356   19.2394005539
0.840896415254   16.8966008686
0.870550563296   14.2484631862
0.901250462611   11.2775739787
0.933032991537   7.9698101814
0.965936328925   4.31505603559
1.0   0.0880564627883
1.03526492384   0.0784548776215
1.07177346254   0.071830137025
1.10956947207   0.06675661967
1.148698355   0.0629165740364
1.189207115   0.0600457745209
1.23114441334   0.0579272101034
1.27456062732   0.0563849222684
1.31950791077   0.0552781386985
1.36604025675   0.0544958058473
1.41421356237   0.0539515858654
1.46408569595   0.053579355188
1.51571656651   0.0533292236526
1.56916819579   0.0531640815594
1.62450479271   0.0530566733273
1.68179283051   0.0529871862292
1.74110112659   0.0529413287217
1.80250092522   0.0535420313618
1.86606598307   0.0528824765647
1.93187265785   0.0528570780865
2.0   0.0528291659231
2.07052984768   0.0527964599174
2.14354692507   0.0527575717325
2.21913894414   0.0527117266942
2.29739670999   0.0526585133849
2.37841423001   0.0525976658728
2.46228882669   0.0525288952164
2.54912125464   0.05245178476
2.63901582155   0.052365741894
2.73208051351   0.0522702598023
2.82842712475   0.0521632080132
2.92817139189   0.0520441353235
3.03143313302   0.0518258645855
3.13833639159   0.0515016280343
3.24900958542   0.0508810807373
3.36358566101   0.049633366203
3.48220225318   0.0471600707156
3.60500185044   0.0424769498654
3.73213196615   0.0341054134285
3.8637453157   0.0200100592101
4.0   2.22851720351e-21
4.14105969537   8.23388825211e-21
4.28709385015   6.32902321687e-20
4.43827788827   4.5325146035e-19
4.59479341999   2.98719219737e-18
4.75682846001   1.80502382528e-17
4.92457765338   9.99577045064e-17
5.09824250928   5.07748729003e-16
5.27803164309   2.36931282904e-15
5.46416102702   1.01747825744e-14
5.65685424949   4.02948763237e-14
5.85634278378   1.47493740492e-13
6.06286626604   5.00200480169e-13
6.27667278317   1.57567927565e-12
6.49801917085   4.6227341754e-12
6.72717132203   1.26656867647e-11
6.96440450637   3.24994310984e-11
7.21000370089   7.83206094599e-11
7.46426393229   1.77776541963e-10
7.7274906314   3.81167813388e-10
8.0   7.7417573216e-10
8.28211939073   1.49371882644e-09
8.57418770029   2.7454211536e-09
8.87655577654   4.8199277437e-09
9.18958683998   8.10431498816e-09
9.51365692002   1.30845504389e-08
9.84915530676   2.03356715397e-08
10.1964850186   3.0498111577e-08
10.5560632862   4.42410889639e-08
10.928322054   6.22165941013e-08
11.313708499   8.50095636972e-08
11.7126855676   1.13090777302e-07
12.1257325321   1.46778624756e-07
12.5533455663   1.86214335846e-07
12.9960383417   2.31352984677e-07
13.4543426441   2.81970145893e-07
13.9288090127   3.37681990389e-07
14.4200074018   3.97975188017e-07
14.9285278646   4.62242346082e-07
15.4549812628   5.29818788691e-07
16.0   6.00017095087e-07
16.5642387815   6.72156744098e-07
17.1483754006   7.45587247021e-07
17.7531115531   8.19704126922e-07
18.37917368   8.93957909995e-07
19.02731384   9.67856882817e-07
19.6983106135   1.04096473322e-06
20.3929700371   1.11289435993e-06
21.1121265724   1.18329915193e-06
21.8566441081   1.25186295166e-06
22.627416998   1.31828976974e-06
23.4253711351   1.38229414676e-06
24.2514650642   1.44359288076e-06
25.1066911327   1.50189866924e-06
25.9920766834   1.55691605587e-06
26.9086852881   1.60833992335e-06
27.8576180255   1.65585663247e-06
28.8400148035   1.69914776791e-06
29.8570557292   1.73789631231e-06
30.9099625256   1.77179492871e-06
32.0   1.80055589139e-06
33.1284775629   1.82392207329e-06
34.2967508012   1.84167828646e-06
35.5062231062   1.8536621973e-06
36.7583473599   1.85977401694e-06
38.0546276801   1.85998421365e-06
39.396621227   1.85433861403e-06
40.7859400742   1.84296044854e-06
42.2242531447   1.82604913643e-06
43.7132882161   1.80387586826e-06
45.2548339959   1.77677629728e-06
46.8507422703   1.74514086412e-06
48.5029301283   1.70940342664e-06
50.2133822654   1.6700289379e-06
51.9841533668   1.62750090938e-06
53.8173705762   1.58230932446e-06
55.715236051   1.53493954808e-06
57.6800296071   1.48586263269e-06
59.7141114584   1.43552726808e-06
61.8199250512   1.38435348065e-06
64.0   1.3327280664e-06
66.2569551258   1.28100164842e-06
68.5935016023   1.2294871844e-06
71.0124462123   1.17845971181e-06
73.5166947198   1.12815710312e-06
76.1092553602   1.07878160586e-06
78.7932424541   1.03050195791e-06
81.5718801484   9.83455891532e-07
84.4485062895   9.37752867028e-07
87.4265764323   8.93476905691e-07
90.5096679919   8.50689418925e-07
93.7014845405   8.09431955694e-07
97.0058602567   7.69728812323e-07
100.426764531   7.31589467163e-07
103.968306734   6.95010817686e-07
107.634741152   6.59979209466e-07
111.430472102   6.26472255523e-07
115.360059214   5.94460451183e-07
119.428222917   5.63908594185e-07
123.639850102   5.34777022853e-07
128.0   5.07022686835e-07
132.513910252   4.80600065783e-07
137.187003205   4.55461951365e-07
142.024892425   4.31560107638e-07
147.03338944   4.08845824017e-07
152.21851072   3.87270374118e-07
157.586484908   3.66785392671e-07
163.143760297   3.47343181532e-07
168.897012579   3.28896954732e-07
174.853152865   3.11401031376e-07
181.019335984   2.94810984184e-07
187.402969081   2.79083750512e-07
194.011720513   2.64177711823e-07
200.853529062   2.50052746768e-07
207.936613467   2.36670262367e-07
215.269482305   2.23993207109e-07
222.860944204   2.11986069276e-07
230.720118428   2.00614863297e-07
238.856445833   1.89847106499e-07
247.279700205   1.79651788294e-07
256.0   1.69999333477e-07
265.027820503   1.60861561078e-07
274.374006409   1.52211639951e-07
284.049784849   1.44024042094e-07
294.066778879   1.36274494511e-07
304.437021441   1.28939930304e-07
315.172969816   1.21998439525e-07
326.287520594   1.15429220253e-07
337.794025158   1.09212530241e-07
349.706305729   1.03329639415e-07
362.038671968   9.77627834536e-08
374.805938162   9.24951186082e-08
388.023441027   8.75106778979e-08
401.707058123   8.279432876e-08
415.873226934   7.83317322209e-08
430.53896461   7.41093036226e-08
445.721888408   7.01141749191e-08
461.440236857   6.63341585442e-08
477.712891667   6.27577128351e-08
494.55940041   5.93739089913e-08
512.0   5.61723995349e-08
530.055641007   5.31433882355e-08
548.748012819   5.02776014579e-08
568.099569699   4.75662608863e-08
588.133557758   4.50010575767e-08
608.874042881   4.25741272891e-08
630.345939633   4.02780270482e-08
652.575041187   3.81057128828e-08
675.588050316   3.60505186927e-08
699.412611458   3.41061361961e-08
724.077343935   3.22665959047e-08
749.611876324   3.05262490839e-08
776.046882053   2.8879750647e-08
803.414116246   2.73220429432e-08
831.746453869   2.58483403925e-08
861.07792922   2.4454114928e-08
891.443776815   2.31350822049e-08
922.880473713   2.18871885373e-08
955.425783334   2.07065985269e-08
989.118800819   1.95896833479e-08
1024.0   1.85330096536e-08
1060.11128201   1.75333290749e-08
1097.49602564   1.65875682775e-08
1136.1991394   1.56928195499e-08
1176.26711552   1.48463318951e-08
1217.74808576   1.40455025978e-08
1260.69187927   1.32878692443e-08
1305.15008237   1.25711021688e-08
1351.17610063   1.18929973057e-08
1398.82522292   1.12514694253e-08
1448.15468787   1.06445457319e-08
1499.22375265   1.00703598071e-08
1552.09376411   9.52714587761e-09
1606.82823249   9.01323339165e-09
1663.49290774   8.52704188694e-09
1722.15585844   8.06707613495e-09
1782.88755363   7.63192154634e-09
1845.76094743   7.22023982381e-09
1910.85156667   6.83076484896e-09
1978.23760164   6.46229879076e-09
2048.0   6.11370842348e-09
2120.22256403   5.78392164317e-09
2194.99205127   5.47192417168e-09
2272.39827879   5.17675643837e-09
2352.53423103   4.89751062987e-09
2435.49617153   4.63332789883e-09
2521.38375853   4.38339572318e-09
2610.30016475   4.14694540765e-09
2702.35220126   3.92324972012e-09
2797.65044583   3.71162065528e-09
2896.30937574   3.51140731897e-09
2998.4475053   3.32199392653e-09
3104.18752821   3.14279790911e-09
3213.65646499   2.97326812212e-09
3326.98581548   2.81288315026e-09
3444.31171688   2.66114970397e-09
3565.77510726   2.51760110236e-09
3691.52189485   2.38179583797e-09
3821.70313333   2.25331621891e-09
3956.47520328   2.13176708427e-09
4096.0   2.0167745888e-09
