#z=4.85
#nu (Ryd)        Jnu (10^-21 erg s^-1 cm^-2 Hz^-1 sr^-1)
0.5   33.2357241636
0.517632461921   32.8564758254
0.535886731268   32.447941951
0.554784736034   31.9415277894
0.574349177499   31.3542921279
0.594603557501   30.6653837011
0.615572206672   29.859730453
0.63728031366   28.9259581882
0.659753955386   27.8525874374
0.683020128377   26.6293069127
0.707106781187   25.2462100229
0.732042847973   23.4499253137
0.757858283255   21.0412944377
0.784584097897   19.0443798806
0.812252396356   16.8790584252
0.840896415254   14.5434994534
0.870550563296   12.0297303326
0.901250462611   9.34340679317
0.933032991537   6.49197535434
0.965936328925   3.48420103797
1.0   0.126006839038
1.03526492384   0.110719272643
1.07177346254   0.10173438001
1.10956947207   0.0948240930463
1.148698355   0.0895511711459
1.189207115   0.0855554188665
1.23114441334   0.0825437593765
1.27456062732   0.0802807811715
1.31950791077   0.0785799223406
1.36604025675   0.0772953987377
1.41421356237   0.0763149358337
1.46408569595   0.0755533311188
1.51571656651   0.074946852592
1.56916819579   0.074448464069
1.62450479271   0.0740238540334
1.68179283051   0.0736482274076
1.74110112659   0.0733037979013
1.80250092522   0.0752333580433
1.86606598307   0.0726615793207
1.93187265785   0.0723486488345
2.0   0.0720349206451
2.07052984768   0.0717176887154
2.14354692507   0.0713952836962
2.21913894414   0.0710666631096
2.29739670999   0.0707310675333
2.37841423001   0.0703875552873
2.46228882669   0.0700345927757
2.54912125464   0.0696700057942
2.63901582155   0.0692937510804
2.73208051351   0.0689482653412
2.82842712475   0.0687233686404
2.92817139189   0.0691734383652
3.03143313302   0.0659986689236
3.13833639159   0.0637212151436
3.24900958542   0.0605120419135
3.36358566101   0.0557613277523
3.48220225318   0.0489974732675
3.60500185044   0.03977976583
3.73213196615   0.0278045793776
3.8637453157   0.0130748649692
4.0   6.89048908874e-06
4.14105969537   5.4566500731e-06
4.28709385015   5.68254827724e-06
4.43827788827   6.1770737752e-06
4.59479341999   6.79930895402e-06
4.75682846001   7.49434478338e-06
4.92457765338   8.24163493786e-06
5.09824250928   9.03362026682e-06
5.27803164309   9.86733984877e-06
5.46416102702   1.07413122823e-05
5.65685424949   1.16544388735e-05
5.85634278378   1.26056394867e-05
6.06286626604   1.3593739259e-05
6.27667278317   1.46174374602e-05
6.49801917085   1.56753040764e-05
6.72717132203   1.67657889171e-05
6.96440450637   1.78872403929e-05
7.21000370089   1.90379340429e-05
7.46426393229   2.02161103693e-05
7.7274906314   2.14200196486e-05
8.0   2.26479692033e-05
8.28211939073   2.38983669709e-05
8.57418770029   2.51697547501e-05
8.87655577654   2.64608255396e-05
9.18958683998   2.7770421711e-05
9.51365692002   2.90975137437e-05
9.84915530676   3.04411620843e-05
10.1964850186   3.18004666351e-05
10.5560632862   3.31745090375e-05
10.928322054   3.45622923175e-05
11.313708499   3.59626809567e-05
11.7126855676   3.73743426048e-05
12.1257325321   3.87956909828e-05
12.5533455663   4.02248284434e-05
12.9960383417   4.16594863561e-05
13.4543426441   4.30969619913e-05
13.9288090127   4.45340517504e-05
14.4200074018   4.59669822004e-05
14.9285278646   4.73913421356e-05
15.4549812628   4.88020205184e-05
16.0   5.01931563886e-05
16.5642387815   5.15581074693e-05
17.1483754006   5.28894440596e-05
17.7531115531   5.41789738203e-05
18.37917368   5.54178012732e-05
19.02731384   5.65964235031e-05
19.6983106135   5.77048610709e-05
20.3929700371   5.87328209727e-05
21.1121265724   5.966988692e-05
21.8566441081   6.05057313545e-05
22.627416998   6.12303432613e-05
23.4253711351   6.18342656942e-05
24.2514650642   6.23088366532e-05
25.1066911327   6.26464263983e-05
25.9920766834   6.284066347e-05
26.9086852881   6.28866408377e-05
27.8576180255   6.27810930076e-05
28.8400148035   6.25225349168e-05
29.8570557292   6.21113542278e-05
30.9099625256   6.15498503054e-05
32.0   6.08422156322e-05
33.1284775629   5.99944585026e-05
34.2967508012   5.9014269222e-05
35.5062231062   5.79108353952e-05
36.7583473599   5.66946148778e-05
38.0546276801   5.53770772872e-05
39.396621227   5.39704264252e-05
40.7859400742   5.24873164399e-05
42.2242531447   5.09405740575e-05
43.7132882161   4.93429378681e-05
45.2548339959   4.77068236406e-05
46.8507422703   4.60441222353e-05
48.5029301283   4.43660341304e-05
50.2133822654   4.26829421307e-05
51.9841533668   4.10043216574e-05
53.8173705762   3.9338686272e-05
55.715236051   3.76935648027e-05
57.6800296071   3.60755056342e-05
59.7141114584   3.44901033418e-05
61.8199250512   3.29420428242e-05
64.0   3.14351563422e-05
66.2569551258   2.99724893027e-05
68.5935016023   2.85563711795e-05
71.0124462123   2.71884885563e-05
73.5166947198   2.58699578719e-05
76.1092553602   2.46013960068e-05
78.7932424541   2.33829873499e-05
81.5718801484   2.22145464167e-05
84.4485062895   2.10955754489e-05
87.4265764323   2.00253167143e-05
90.5096679919   1.90027994518e-05
93.7014845405   1.80268815721e-05
97.0058602567   1.70962863479e-05
100.426764531   1.6209634404e-05
103.968306734   1.53654713703e-05
107.634741152   1.45622915824e-05
111.430472102   1.37985582202e-05
115.360059214   1.30727202704e-05
119.428222917   1.23832266755e-05
123.639850102   1.1728538017e-05
128.0   1.11071360458e-05
132.513910252   1.05175313499e-05
137.187003205   9.95826941883e-06
142.024892425   9.42793533699e-06
147.03338944   8.92515731004e-06
152.21851072   8.44860920655e-06
157.586484908   7.99701227164e-06
163.143760297   7.56913615039e-06
168.897012579   7.16379933958e-06
174.853152865   6.77986917001e-06
181.019335984   6.41626140683e-06
187.402969081   6.07193954285e-06
194.011720513   5.74591384797e-06
200.853529062   5.43724022874e-06
207.936613467   5.14501894313e-06
215.269482305   4.86839320833e-06
222.860944204   4.60654773348e-06
230.720118428   4.35870720329e-06
238.856445833   4.12413473434e-06
247.279700205   3.90213032186e-06
256.0   3.69202929117e-06
265.027820503   3.4932007656e-06
274.374006409   3.30504616005e-06
284.049784849   3.12699770728e-06
294.066778879   2.95851702274e-06
304.437021441   2.79909371186e-06
315.172969816   2.648244023e-06
326.287520594   2.50550954795e-06
337.794025158   2.37045597136e-06
349.706305729   2.24267186964e-06
362.038671968   2.1217675594e-06
374.805938162   2.00737399521e-06
388.023441027   1.89914171579e-06
401.707058123   1.79673983798e-06
415.873226934   1.69985509702e-06
430.53896461   1.6081909321e-06
445.721888408   1.52146661566e-06
461.440236857   1.43941642487e-06
477.712891667   1.36178885389e-06
494.55940041   1.28834586521e-06
512.0   1.21886217857e-06
530.055641007   1.1531245958e-06
548.748012819   1.09093136003e-06
568.099569699   1.03209154784e-06
588.133557758   9.76424492653e-07
608.874042881   9.23759238043e-07
630.345939633   8.73934019536e-07
652.575041187   8.26795773445e-07
675.588050316   7.82199671491e-07
699.412611458   7.40008679898e-07
724.077343935   7.00093141755e-07
749.611876324   6.62330381458e-07
776.046882053   6.26604330122e-07
803.414116246   5.92805170883e-07
831.746453869   5.6082900307e-07
861.07792922   5.30577524269e-07
891.443776815   5.01957729344e-07
922.880473713   4.74881625544e-07
955.425783334   4.49265962836e-07
989.118800819   4.25031978675e-07
1024.0   4.02105156449e-07
1060.11128201   3.80414996865e-07
1097.49602564   3.59894801613e-07
1136.1991394   3.40481468632e-07
1176.26711552   3.22115298373e-07
1217.74808576   3.04739810479e-07
1260.69187927   2.88301570315e-07
1305.15008237   2.72750024824e-07
1351.17610063   2.58037347219e-07
1398.82522292   2.44118290028e-07
1448.15468787   2.30950046053e-07
1499.22375265   2.18492116809e-07
1552.09376411   2.06706188054e-07
1606.82823249   1.9555601202e-07
1663.49290774   1.85007295986e-07
1722.15585844   1.75027596857e-07
1782.88755363   1.65586221427e-07
1845.76094743   1.56654132006e-07
1910.85156667   1.48203857147e-07
1978.23760164   1.40209407175e-07
2048.0   1.32646194275e-07
2120.22256403   1.25490956882e-07
2194.99205127   1.18721688156e-07
2272.39827879   1.12317568307e-07
2352.53423103   1.0625890057e-07
2435.49617153   1.00527050634e-07
2521.38375853   9.51043893374e-08
2610.30016475   8.99742384505e-08
2702.35220126   8.51208193856e-08
2797.65044583   8.05292046715e-08
2896.30937574   7.61852720444e-08
2998.4475053   7.20756610164e-08
3104.18752821   6.81877317849e-08
3213.65646499   6.45095263591e-08
3326.98581548   6.10297317827e-08
3444.31171688   5.77376453409e-08
3565.77510726   5.4623141643e-08
3691.52189485   5.16766414813e-08
3821.70313333   4.88890823692e-08
3956.47520328   4.62518906691e-08
4096.0   4.37569552228e-08
