#z=0.25
#nu (Ryd)        Jnu (10^-21 erg s^-1 cm^-2 Hz^-1 sr^-1)
0.5   0.949125221036
0.517632461921   0.895854562006
0.535886731268   0.849308598184
0.554784736034   0.802848278167
0.574349177499   0.756501257066
0.594603557501   0.710291471097
0.615572206672   0.664237611218
0.63728031366   0.617991949939
0.659753955386   0.572176073317
0.683020128377   0.526551659297
0.707106781187   0.481253879557
0.732042847973   0.429394940118
0.757858283255   0.378722662742
0.784584097897   0.334239359452
0.812252396356   0.289908945883
0.840896415254   0.245719980298
0.870550563296   0.201659219934
0.901250462611   0.157489433875
0.933032991537   0.113586488555
0.965936328925   0.0698638812504
1.0   0.0230147609825
1.03526492384   0.0218556257397
1.07177346254   0.0210498930446
1.10956947207   0.0203577103856
1.148698355   0.0197468343208
1.189207115   0.0191921110391
1.23114441334   0.018673492643
1.27456062732   0.0181759359451
1.31950791077   0.0176769129371
1.36604025675   0.0171819243169
1.41421356237   0.0166742291562
1.46408569595   0.0161566100237
1.51571656651   0.0156370576406
1.56916819579   0.0151161467629
1.62450479271   0.0145768430504
1.68179283051   0.0140197280106
1.74110112659   0.0134462689683
1.80250092522   0.0128715580236
1.86606598307   0.0122382570355
1.93187265785   0.0116238383444
2.0   0.0109973033319
2.07052984768   0.0103867556584
2.14354692507   0.00976960773026
2.21913894414   0.00915367851893
2.29739670999   0.00854206001332
2.37841423001   0.00793773490726
2.46228882669   0.0073433494842
2.54912125464   0.00674128245983
2.63901582155   0.00616620386328
2.73208051351   0.00560310120966
2.82842712475   0.00506919734224
2.92817139189   0.00454408387798
3.03143313302   0.00357585488046
3.13833639159   0.00312049648346
3.24900958542   0.00268233177876
3.36358566101   0.0022611532776
3.48220225318   0.00185662860115
3.60500185044   0.00145688945869
3.73213196615   0.00108069320958
3.8637453157   0.000724299906288
4.0   0.000372289902335
4.14105969537   0.000307718637323
4.28709385015   0.00028658798725
4.43827788827   0.000277833568982
4.59479341999   0.000272954248526
4.75682846001   0.000269291107138
4.92457765338   0.00026605872338
5.09824250928   0.000263048417627
5.27803164309   0.000260222230015
5.46416102702   0.000257590807115
5.65685424949   0.000255177602752
5.85634278378   0.000253008000986
6.06286626604   0.000251105214967
6.27667278317   0.000249487903128
6.49801917085   0.000248168221884
6.72717132203   0.000247150079178
6.96440450637   0.000246427633419
7.21000370089   0.000245984152771
7.46426393229   0.000245791357301
7.7274906314   0.000245809347409
8.0   0.000245987185958
8.28211939073   0.000246264153401
8.57418770029   0.000246571639974
8.87655577654   0.000246835582914
9.18958683998   0.000246979306058
9.51365692002   0.000246926580647
9.84915530676   0.000246604704595
10.1964850186   0.000245947395915
10.5560632862   0.000244897314508
10.928322054   0.000243408062705
11.313708499   0.000241445563651
11.7126855676   0.000238988771758
12.1257325321   0.000236029724151
12.5533455663   0.000232572990547
12.9960383417   0.000228634616715
13.4543426441   0.000224240681113
13.9288090127   0.000219425594797
14.4200074018   0.000214230272399
14.9285278646   0.000208700289335
15.4549812628   0.00020288412062
16.0   0.000196831533233
16.5642387815   0.000190592180012
17.1483754006   0.000184214420941
17.7531115531   0.000177744379193
18.37917368   0.000171225224934
19.02731384   0.000164696669896
19.6983106135   0.000158194649425
20.3929700371   0.000151751165489
21.1121265724   0.000145394263113
21.8566441081   0.000139148113356
22.627416998   0.00013303317766
23.4253711351   0.000127066430851
24.2514650642   0.000121261623042
25.1066911327   0.000115629563805
25.9920766834   0.00011017841517
26.9086852881   0.000104913983037
27.8576180255   9.98399992809e-05
28.8400148035   9.49583891813e-05
29.8570557292   9.02695207386e-05
30.9099625256   8.5772433933e-05
32.0   8.14650491459e-05
33.1284775629   7.73443547861e-05
34.2967508012   7.34065747426e-05
35.5062231062   6.96473166684e-05
36.7583473599   6.60617023335e-05
38.0546276801   6.26444814095e-05
39.396621227   5.93901301032e-05
40.7859400742   5.62929360515e-05
42.2242531447   5.33470708536e-05
43.7132882161   5.05466515526e-05
45.2548339959   4.78857923046e-05
46.8507422703   4.53586473834e-05
48.5029301283   4.29594465815e-05
50.2133822654   4.0682523974e-05
51.9841533668   3.85223409217e-05
53.8173705762   3.64735041026e-05
55.715236051   3.45307792772e-05
57.6800296071   3.2689101413e-05
59.7141114584   3.09435817232e-05
61.8199250512   2.92895121054e-05
64.0   2.77223674059e-05
66.2569551258   2.62378058804e-05
68.5935016023   2.48316681701e-05
71.0124462123   2.34999750723e-05
73.5166947198   2.22389243401e-05
76.1092553602   2.10448867149e-05
78.7932424541   1.99144013646e-05
81.5718801484   1.88441708722e-05
84.4485062895   1.78310558979e-05
87.4265764323   1.68720696179e-05
90.5096679919   1.59643720249e-05
93.7014845405   1.51052641617e-05
97.0058602567   1.42921823453e-05
100.426764531   1.35226924294e-05
103.968306734   1.27944841428e-05
107.634741152   1.21053655347e-05
111.430472102   1.14532575499e-05
115.360059214   1.08361887524e-05
119.428222917   1.02522902106e-05
123.639850102   9.69979055445e-06
128.0   9.17701120956e-06
132.513910252   8.68236181378e-06
137.187003205   8.21433581632e-06
142.024892425   7.77150625995e-06
147.03338944   7.35252174455e-06
152.21851072   6.95610256907e-06
157.586484908   6.58103704835e-06
163.143760297   6.22617800041e-06
168.897012579   5.89043939923e-06
174.853152865   5.57279318785e-06
181.019335984   5.27226624617e-06
187.402969081   4.9879375077e-06
194.011720513   4.71893521956e-06
200.853529062   4.4644343398e-06
207.936613467   4.22365406623e-06
215.269482305   3.99585549116e-06
222.860944204   3.78033937617e-06
230.720118428   3.57644404166e-06
238.856445833   3.38354336565e-06
247.279700205   3.20104488667e-06
256.0   3.0283880058e-06
265.027820503   2.8650422829e-06
274.374006409   2.7105058224e-06
284.049784849   2.56430374426e-06
294.066778879   2.42598673573e-06
304.437021441   2.29512967976e-06
315.172969816   2.17133035635e-06
326.287520594   2.05420821278e-06
337.794025158   1.9434031995e-06
349.706305729   1.83857466794e-06
362.038671968   1.73940032732e-06
374.805938162   1.64557525707e-06
388.023441027   1.55681097225e-06
401.707058123   1.47283453888e-06
415.873226934   1.39338773675e-06
430.53896461   1.31822626718e-06
445.721888408   1.24711900315e-06
461.440236857   1.17984727985e-06
477.712891667   1.11620422329e-06
494.55940041   1.0559941149e-06
512.0   9.9903179048e-07
530.055641007   9.45142071298e-07
548.748012819   8.94159225917e-07
568.099569699   8.45926460926e-07
588.133557758   8.00295439111e-07
608.874042881   7.57125823555e-07
630.345939633   7.16284846303e-07
652.575041187   6.77646900252e-07
675.588050316   6.41093153032e-07
699.412611458   6.06511181686e-07
724.077343935   5.7379462704e-07
749.611876324   5.42842866702e-07
776.046882053   5.1356070568e-07
803.414116246   4.85858083679e-07
831.746453869   4.59649798181e-07
861.07792922   4.3485524245e-07
891.443776815   4.1139815766e-07
922.880473713   3.89206398395e-07
955.425783334   3.68211710785e-07
989.118800819   3.48349522617e-07
1024.0   3.29558744747e-07
1060.11128201   3.11781583241e-07
1097.49602564   2.94963361631e-07
1136.1991394   2.79052352766e-07
1176.26711552   2.63999619727e-07
1217.74808576   2.49758865325e-07
1260.69187927   2.36286289714e-07
1305.15008237   2.23540455685e-07
1351.17610063   2.11482161221e-07
1398.82522292   2.00074318934e-07
1448.15468787   1.89281842001e-07
1499.22375265   1.79071536246e-07
1552.09376411   1.69411998054e-07
1606.82823249   1.60273517783e-07
1663.49290774   1.51627988391e-07
1722.15585844   1.43448818988e-07
1782.88755363   1.35710853052e-07
1845.76094743   1.28390291059e-07
1910.85156667   1.21464617281e-07
1978.23760164   1.14912530539e-07
2048.0   1.08713878687e-07
2120.22256403   1.02849596627e-07
2194.99205127   9.730164768e-08
2272.39827879   9.20529681022e-08
2352.53423103   8.70874146082e-08
2435.49617153   8.2389714718e-08
2521.38375853   7.79454197836e-08
2610.30016475   7.37408605505e-08
2702.35220126   6.9763105115e-08
2797.65044583   6.59999191499e-08
2896.30937574   6.24397282761e-08
2998.4475053   5.90715824631e-08
3104.18752821   5.58851223506e-08
3213.65646499   5.28705473859e-08
3326.98581548   5.00185856813e-08
3444.31171688   4.7320465496e-08
3565.77510726   4.47678882575e-08
3691.52189485   4.23530030376e-08
3821.70313333   4.00683824055e-08
3956.47520328   3.79069995834e-08
4096.0   3.58622068344e-08
