#z=2.8
#nu (Ryd)        Jnu (10^-21 erg s^-1 cm^-2 Hz^-1 sr^-1)
0.5   19.4892137431
0.517632461921   18.8322447995
0.535886731268   18.2143325791
0.554784736034   17.5486441328
0.574349177499   16.8359608071
0.594603557501   16.0781093909
0.615572206672   15.2772953536
0.63728031366   14.4359774095
0.659753955386   13.5567991744
0.683020128377   12.6416154517
0.707106781187   11.6614226993
0.732042847973   10.5512583269
0.757858283255   9.20838422683
0.784584097897   8.15940050124
0.812252396356   7.08746480733
0.840896415254   5.99440646769
0.870550563296   4.88186849992
0.901250462611   3.75232306785
0.933032991537   2.60786870476
0.965936328925   1.44982760193
1.0   0.197742307853
1.03526492384   0.179729730213
1.07177346254   0.167274832473
1.10956947207   0.157299023106
1.148698355   0.149254845478
1.189207115   0.142700729928
1.23114441334   0.137284992007
1.27456062732   0.1327311769
1.31950791077   0.128824875581
1.36604025675   0.125402068785
1.41421356237   0.122339001103
1.46408569595   0.119543546121
1.51571656651   0.116947991037
1.56916819579   0.114503139351
1.62450479271   0.112173608475
1.68179283051   0.109934186753
1.74110112659   0.107767150317
1.80250092522   0.1069425952
1.86606598307   0.103608842712
1.93187265785   0.101619978518
2.0   0.0997413981766
2.07052984768   0.0979776279155
2.14354692507   0.0963675219934
2.21913894414   0.0949570197749
2.29739670999   0.0937996193655
2.37841423001   0.0929542026869
2.46228882669   0.0924749610598
2.54912125464   0.0924158556916
2.63901582155   0.0927834248341
2.73208051351   0.0940518471477
2.82842712475   0.0949697435871
2.92817139189   0.0961938733202
3.03143313302   0.0670001643017
3.13833639159   0.0619210061178
3.24900958542   0.0561804676011
3.36358566101   0.0497317769013
3.48220225318   0.042537931375
3.60500185044   0.0345737516438
3.73213196615   0.0258284668989
3.8637453157   0.0163081799242
4.0   0.00588423073944
4.14105969537   0.00405061303808
4.28709385015   0.00342278503432
4.43827788827   0.00317050186205
4.59479341999   0.00303844495971
4.75682846001   0.00294397559261
4.92457765338   0.00286146500405
5.09824250928   0.00278329256509
5.27803164309   0.00270727396647
5.46416102702   0.00263279657118
5.65685424949   0.00255969148086
5.85634278378   0.00248792382386
6.06286626604   0.00241751385314
6.27667278317   0.00234851780467
6.49801917085   0.00228102157956
6.72717132203   0.00221513567278
6.96440450637   0.00215098936968
7.21000370089   0.00208872453918
7.46426393229   0.00202848957963
7.7274906314   0.00197043374191
8.0   0.00191470169417
8.28211939073   0.00186142802059
8.57418770029   0.00181073141051
8.87655577654   0.00176270852854
9.18958683998   0.00171742783788
9.51365692002   0.00167492386125
9.84915530676   0.00163519243933
10.1964850186   0.00159818747982
10.5560632862   0.00156381952258
10.928322054   0.00153195623913
11.313708499   0.00150242479123
11.7126855676   0.00147501582733
12.1257325321   0.0014494888074
12.5533455663   0.00142557831249
12.9960383417   0.00140300100282
13.4543426441   0.00138146292335
13.9288090127   0.00136066690487
14.4200074018   0.00134031985712
14.9285278646   0.0013201397877
15.4549812628   0.00129986239687
16.0   0.00127924709487
16.5642387815   0.00125808226967
17.1483754006   0.00123618961593
17.7531115531   0.00121342733518
18.37917368   0.00118969204829
19.02731384   0.0011649193264
19.6983106135   0.00113908283923
20.3929700371   0.00111219222058
21.1121265724   0.0010842898421
21.8566441081   0.00105544674889
22.627416998   0.00102575803978
23.4253711351   0.000995337969704
24.2514650642   0.000964315022861
25.1066911327   0.000932827161016
25.9920766834   0.000901017403363
26.9086852881   0.000869029848102
27.8576180255   0.000837006205494
28.8400148035   0.000805082878465
29.8570557292   0.000773388599525
30.9099625256   0.000742042610867
32.0   0.000711153357417
33.1284775629   0.000680817649508
34.2967508012   0.00065112024265
35.5062231062   0.000622133776178
36.7583473599   0.00059391901017
38.0546276801   0.000566525300543
39.396621227   0.000539991255171
40.7859400742   0.000514345518675
42.2242531447   0.000489607639538
43.7132882161   0.000465788979957
45.2548339959   0.000442893635724
46.8507422703   0.000420919340165
48.5029301283   0.00039985833233
50.2133822654   0.00037969817522
51.9841533668   0.000360422514518
53.8173705762   0.00034201177231
55.715236051   0.00032444377341
57.6800296071   0.000307694304407
59.7141114584   0.000291737607379
61.8199250512   0.000276546811538
64.0   0.000262094306925
66.2569551258   0.000248352064813
68.5935016023   0.000235291909686
71.0124462123   0.000222885747703
73.5166947198   0.000211105756438
76.1092553602   0.000199924540448
78.7932424541   0.000189315256915
81.5718801484   0.000179251715303
84.4485062895   0.000169708454578
87.4265764323   0.000160660801206
90.5096679919   0.000152084910786
93.7014845405   0.000143957795868
97.0058602567   0.000136257342152
100.426764531   0.000128962315047
103.968306734   0.000122052358247
107.634741152   0.000115507985805
111.430472102   0.000109310568947
115.360059214   0.000103442318696
119.428222917   9.78862652297e-05
123.639850102   9.26262347301e-05
128.0   8.76468243809e-05
132.513910252   8.29333760631e-05
137.187003205   7.84719491961e-05
142.024892425   7.42492931047e-05
147.03338944   7.02528192197e-05
152.21851072   6.64705733664e-05
157.586484908   6.28912083429e-05
163.143760297   5.95039569527e-05
168.897012579   5.62986056192e-05
174.853152865   5.32654686807e-05
181.019335984   5.03953634411e-05
187.402969081   4.76795860299e-05
194.011720513   4.51098881085e-05
200.853529062   4.26784544465e-05
207.936613467   4.03778813791e-05
215.269482305   3.82011561484e-05
222.860944204   3.61416371219e-05
230.720118428   3.41930348788e-05
238.856445833   3.23493941463e-05
247.279700205   3.06050765666e-05
256.0   2.8954744271e-05
265.027820503   2.73933442383e-05
274.374006409   2.59160934076e-05
284.049784849   2.45184645219e-05
294.066778879   2.31961726717e-05
304.437021441   2.19451625119e-05
315.172969816   2.07615961233e-05
326.287520594   1.96418414908e-05
337.794025158   1.85824615712e-05
349.706305729   1.75802039241e-05
362.038671968   1.66319908781e-05
374.805938162   1.57349102088e-05
388.023441027   1.48862063034e-05
401.707058123   1.40832717877e-05
415.873226934   1.3323639593e-05
430.53896461   1.26049754415e-05
445.721888408   1.19250707282e-05
461.440236857   1.12818357802e-05
477.712891667   1.06732934729e-05
494.55940041   1.00975731867e-05
512.0   9.55290508446e-06
530.055641007   9.03761469413e-06
548.748012819   8.55011778126e-06
568.099569699   8.08891549494e-06
588.133557758   7.65258977356e-06
608.874042881   7.23979899672e-06
630.345939633   6.84927386998e-06
652.575041187   6.47981353043e-06
675.588050316   6.13028186116e-06
699.412611458   5.79960400367e-06
724.077343935   5.4867630576e-06
749.611876324   5.19079695783e-06
776.046882053   4.91079551952e-06
803.414116246   4.64589764203e-06
831.746453869   4.39528866334e-06
861.07792922   4.15819785675e-06
891.443776815   3.93389606247e-06
922.880473713   3.72169344657e-06
955.425783334   3.52093738082e-06
989.118800819   3.33101043649e-06
1024.0   3.15132848647e-06
1060.11128201   2.98133890946e-06
1097.49602564   2.82051889102e-06
1136.1991394   2.6683738162e-06
1176.26711552   2.52443574871e-06
1217.74808576   2.3882619922e-06
1260.69187927   2.25943372895e-06
1305.15008237   2.13755473208e-06
1351.17610063   2.02225014711e-06
1398.82522292   1.91316533926e-06
1448.15468787   1.80996480285e-06
1499.22375265   1.71233112961e-06
1552.09376411   1.61996403248e-06
1606.82823249   1.53257942217e-06
1663.49290774   1.44990853351e-06
1722.15585844   1.37169709883e-06
1782.88755363   1.29770456602e-06
1845.76094743   1.22770335868e-06
1910.85156667   1.16147817627e-06
1978.23760164   1.09882533191e-06
2048.0   1.03955212594e-06
2120.22256403   9.83476253255e-07
2194.99205127   9.30425242652e-07
2272.39827879   8.80235926342e-07
2352.53423103   8.3275393813e-07
2435.49617153   7.87833238644e-07
2521.38375853   7.45335666176e-07
2610.30016475   7.05130511749e-07
2702.35220126   6.67094117102e-07
2797.65044583   6.31109494368e-07
2896.30937574   5.97065966257e-07
2998.4475053   5.64858825655e-07
3104.18752821   5.34389013579e-07
3213.65646499   5.05562814511e-07
3326.98581548   4.78291568153e-07
3444.31171688   4.52491396747e-07
3565.77510726   4.28082947087e-07
3691.52189485   4.04991146462e-07
3821.70313333   3.83144971754e-07
3956.47520328   3.62477230994e-07
4096.0   3.429243567e-07
