#z=6.4
#nu (Ryd)        Jnu (10^-21 erg s^-1 cm^-2 Hz^-1 sr^-1)
0.5   31.4240847648
0.517632461921   31.2563119281
0.535886731268   31.0714127385
0.554784736034   30.8341637004
0.574349177499   30.5336611895
0.594603557501   30.1569429019
0.615572206672   29.6893318865
0.63728031366   29.1144276067
0.659753955386   28.4140563809
0.683020128377   27.5732403733
0.707106781187   26.4666158201
0.732042847973   25.1240739027
0.757858283255   22.8223546338
0.784584097897   21.055486059
0.812252396356   19.0232869264
0.840896415254   16.7026700974
0.870550563296   14.0719555892
0.901250462611   11.1116037815
0.933032991537   7.80499434515
0.965936328925   4.13944967495
1.0   0.0865431625659
1.03526492384   0.0757764353318
1.07177346254   0.0693716474673
1.10956947207   0.064466543185
1.148698355   0.0607546267742
1.189207115   0.0579808401637
1.23114441334   0.0559355474504
1.27456062732   0.054448647366
1.31950791077   0.0533839573421
1.36604025675   0.0526339707208
1.41421356237   0.0521150520392
1.46408569595   0.0517631078477
1.51571656651   0.051529752561
1.56916819579   0.0513789777929
1.62450479271   0.0512843253213
1.68179283051   0.0512265542
1.74110112659   0.0511917791425
1.80250092522   0.0526755283963
1.86606598307   0.0511542457455
1.93187265785   0.0511394155829
2.0   0.0511221447451
2.07052984768   0.0511002111398
2.14354692507   0.051072265124
2.21913894414   0.051037560473
2.29739670999   0.0509957105494
2.37841423001   0.0509464741079
2.46228882669   0.0508895859996
2.54912125464   0.0508246406691
2.63901582155   0.0507509914515
2.73208051351   0.050667708487
2.82842712475   0.0505710123564
2.92817139189   0.0504555432155
3.03143313302   0.0502424480246
3.13833639159   0.049885951596
3.24900958542   0.0491583486336
3.36358566101   0.0476382412353
3.48220225318   0.0445619450177
3.60500185044   0.0386729565996
3.73213196615   0.0280862316059
3.8637453157   0.0102155631894
4.0   1.68497699942e-22
4.14105969537   2.19989757546e-22
4.28709385015   2.13188868926e-21
4.43827788827   1.90138880845e-20
4.59479341999   1.54201163128e-19
4.75682846001   1.13317844528e-18
4.92457765338   7.54470579294e-18
5.09824250928   4.55663677598e-17
5.27803164309   2.50093324554e-16
5.46416102702   1.25018222347e-15
5.65685424949   5.70599797864e-15
5.85634278378   2.38420117007e-14
6.06286626604   9.14637461523e-14
6.27667278317   3.23112219038e-13
6.49801917085   1.05440654818e-12
6.72717132203   3.1886086534e-12
6.96440450637   8.96489662949e-12
7.21000370089   2.35107428038e-11
7.46426393229   5.77024006081e-11
7.7274906314   1.3296931321e-10
8.0   2.88634419827e-10
8.28211939073   5.92067417294e-10
8.57418770029   1.1512758491e-09
8.87655577654   2.12862015868e-09
9.18958683998   3.75332010248e-09
9.51365692002   6.32965732192e-09
9.84915530676   1.02376357929e-08
10.1964850186   1.59235796458e-08
10.5560632862   2.38797132391e-08
10.928322054   3.46138674587e-08
11.313708499   4.86125524986e-08
11.7126855676   6.63021526105e-08
12.1257325321   8.80135193548e-08
12.5533455663   1.13954658249e-07
12.9960383417   1.44194729527e-07
13.4543426441   1.78660641216e-07
13.9288090127   2.17145578529e-07
14.4200074018   2.59327271928e-07
14.9285278646   3.04792869895e-07
15.4549812628   3.53066986142e-07
16.0   4.03639735001e-07
16.5642387815   4.55992181743e-07
17.1483754006   5.0961743076e-07
17.7531115531   5.64036393022e-07
18.37917368   6.18807999612e-07
19.02731384   6.73534194954e-07
19.6983106135   7.27860430266e-07
20.3929700371   7.81472595751e-07
21.1121265724   8.34091408981e-07
21.8566441081   8.85465254113e-07
22.627416998   9.35362377519e-07
23.4253711351   9.83563219921e-07
24.2514650642   1.02985352471e-06
25.1066911327   1.07401872122e-06
25.9920766834   1.11583994785e-06
26.9086852881   1.15509195595e-06
27.8576180255   1.19154302015e-06
28.8400148035   1.22495687095e-06
29.8570557292   1.25509655704e-06
30.9099625256   1.28173003551e-06
32.0   1.30463717718e-06
33.1284775629   1.32361776733e-06
34.2967508012   1.33849998657e-06
35.5062231062   1.34914878636e-06
36.7583473599   1.35547354192e-06
38.0546276801   1.35743438481e-06
39.396621227   1.35504669438e-06
40.7859400742   1.34838336038e-06
42.2242531447   1.33757460549e-06
43.7132882161   1.32280535738e-06
45.2548339959   1.30431035818e-06
46.8507422703   1.28236737214e-06
48.5029301283   1.25728897778e-06
50.2133822654   1.22941349876e-06
51.9841533668   1.19909563627e-06
53.8173705762   1.1666973211e-06
55.715236051   1.13257922031e-06
57.6800296071   1.09709322567e-06
59.7141114584   1.06057613642e-06
61.8199250512   1.02334463876e-06
64.0   9.85691589513e-07
66.2569551258   9.47883536103e-07
68.5935016023   9.1015935167e-07
71.0124462123   8.72729831271e-07
73.5166947198   8.35778080389e-07
76.1092553602   7.99460526346e-07
78.7932424541   7.63908392913e-07
81.5718801484   7.29229494846e-07
84.4485062895   6.95510229124e-07
87.4265764323   6.62817660926e-07
90.5096679919   6.31201623219e-07
93.7014845405   6.00696767955e-07
97.0058602567   5.71324523805e-07
100.426764531   5.43094929679e-07
103.968306734   5.16008325019e-07
107.634741152   4.90056887227e-07
111.430472102   4.65226013728e-07
115.360059214   4.41495551478e-07
119.428222917   4.18840880481e-07
123.639850102   3.97233860363e-07
128.0   3.76643650524e-07
132.513910252   3.5703741517e-07
137.187003205   3.38380924626e-07
142.024892425   3.20639064173e-07
147.03338944   3.0377626106e-07
152.21851072   2.87756839718e-07
157.586484908   2.72545314365e-07
163.143760297   2.58106627367e-07
168.897012579   2.44406340895e-07
174.853152865   2.31410788567e-07
181.019335984   2.19087193018e-07
187.402969081   2.07403754616e-07
194.011720513   1.96329715856e-07
200.853529062   1.85835405411e-07
207.936613467   1.75892265242e-07
215.269482305   1.6647286371e-07
222.860944204   1.57550897221e-07
230.720118428   1.4910118255e-07
238.856445833   1.41099641665e-07
247.279700205   1.33523280623e-07
256.0   1.26350163818e-07
265.027820503   1.19559384695e-07
274.374006409   1.13131033854e-07
284.049784849   1.07046165284e-07
294.066778879   1.01286761392e-07
304.437021441   9.58356973154e-08
315.172969816   9.06767049779e-08
326.287520594   8.57943372053e-08
337.794025158   8.11739321997e-08
349.706305729   7.68015785833e-08
362.038671968   7.26640811901e-08
374.805938162   6.87489277361e-08
388.023441027   6.50442564695e-08
401.707058123   6.15388248736e-08
415.873226934   5.82219794705e-08
430.53896461   5.50836267577e-08
445.721888408   5.21142052921e-08
461.440236857   4.93046589247e-08
477.712891667   4.6646411178e-08
494.55940041   4.41313407526e-08
512.0   4.17517581386e-08
530.055641007   3.95003833087e-08
548.748012819   3.73703244603e-08
568.099569699   3.53550577747e-08
588.133557758   3.34484081593e-08
608.874042881   3.16445309354e-08
630.345939633   2.99378944367e-08
652.575041187   2.83232634793e-08
675.588050316   2.67956836691e-08
699.412611458   2.53504665079e-08
724.077343935   2.39831752635e-08
749.611876324   2.26896115687e-08
776.046882053   2.14658027146e-08
803.414116246   2.03079896064e-08
831.746453869   1.92126153476e-08
861.07792922   1.81763144241e-08
891.443776815   1.71959024568e-08
922.880473713   1.62683664956e-08
955.425783334   1.53908558261e-08
989.118800819   1.45606732641e-08
1024.0   1.37752669123e-08
1060.11128201   1.30322223559e-08
1097.49602564   1.23292552736e-08
1136.1991394   1.16642044429e-08
1176.26711552   1.10350251198e-08
1217.74808576   1.04397827715e-08
1260.69187927   9.87664714555e-09
1305.15008237   9.34388665589e-09
1351.17610063   8.83986307057e-09
1398.82522292   8.36302648413e-09
1448.15468787   7.91191055997e-09
1499.22375265   7.48512802833e-09
1552.09376411   7.08136642604e-09
1606.82823249   6.69938406546e-09
1663.49290774   6.33800622015e-09
1722.15585844   5.99612151571e-09
1782.88755363   5.67267851489e-09
1845.76094743   5.36668248653e-09
1910.85156667   5.07719234838e-09
1978.23760164   4.80331777469e-09
2048.0   4.54421645945e-09
2120.22256403   4.29909152716e-09
2194.99205127   4.06718908307e-09
2272.39827879   3.84779589541e-09
2352.53423103   3.64023720256e-09
2435.49617153   3.44387463842e-09
2521.38375853   3.25810426954e-09
2610.30016475   3.08235473814e-09
2702.35220126   2.9160855052e-09
2797.65044583   2.75878518829e-09
2896.30937574   2.609969989e-09
2998.4475053   2.46918220517e-09
3104.18752821   2.33598882339e-09
3213.65646499   2.20998018731e-09
3326.98581548   2.09076873784e-09
3444.31171688   1.97798782126e-09
3565.77510726   1.87129056161e-09
3691.52189485   1.77034879391e-09
3821.70313333   1.67485205486e-09
3956.47520328   1.58450662807e-09
4096.0   1.49903464069e-09
